tests/data/fatality_padang_2.asc
ncols         250
nrows         254
xllcorner     96.956
yllcorner     -5.5187329999999
cellsize      0.030741064
NODATA_value  -9999
[rows 22 to 43 of 254, columns 0 to 47 of 250]
0.000004783960 0.000004963472 0.000005003650 0.000005161954 0.000005324102 0.000005420986 0.000005604073 0.000005737475 0.000005919485 0.000006085511 0.000006233968 0.000006421388 0.000006662594 0.000006746574 0.000006849961 0.000007159928 0.000007380545 0.000007562393 0.000007891153 0.000008015183 0.000008353517 0.000008534822 0.000008774206 0.000009088025 0.000009247255 0.000009561364 0.000009858939 0.000009978493 0.000010402770 0.000010551609 0.000010827331 0.000011259151 0.000011519538 0.000011892619 0.000012041152 0.000012379704 0.000012669794 0.000013065334 0.000013339302 0.000013799575 0.000014032763 0.000014536447 0.000015002177 0.000015099635 0.000015792059 0.000016157343 0.000016135609 0.000016886341
0.000004980785 0.000005031269 0.000005124179 0.000005244489 0.000005459965 0.000005649517 0.000005803067 0.000005945930 0.000006154034 0.000006235300 0.000006521287 0.000006576500 0.000006728575 0.000006955653 0.000007100861 0.000007431763 0.000007628644 0.000007770286 0.000008038707 0.000008245341 0.000008464245 0.000008842273 0.000008959421 0.000009272174 0.000009603381 0.000009922829 0.000010138915 0.000010544643 0.000010812266 0.000011246785 0.000011396002 0.000011690081 0.000011939202 0.000012152776 0.000012742025 0.000012905176 0.000013087473 0.000013842395 0.000013935452 0.000014447789 0.000014826602 0.000015046428 0.000015529273 0.000016073392 0.000016412888 0.000016913420 0.000017363514 0.000017476236
0.000004968068 0.000005182848 0.000005245773 0.000005355586 0.000005577390 0.000005774938 0.000005915520 0.000006089341 0.000006134891 0.000006318327 0.000006630626 0.000006613122 0.000006814444 0.000007205026 0.000007092446 0.000007505630 0.000007746021 0.000007897128 0.000008336076 0.000008374233 0.000008649468 0.000008975515 0.000009188276 0.000009697126 0.000009908574 0.000010009676 0.000010465189 0.000010587731 0.000011093620 0.000011398713 0.000011713386 0.000012072660 0.000012355508 0.000012550452 0.000013081312 0.000013053836 0.000013634164 0.000013979478 0.000014107420 0.000014837116 0.000015394348 0.000015473547 0.000016433238 0.000016451286 0.000016728232 0.000017574307 0.000017607094 0.000018127263
0.000005169510 0.000005250311 0.000005375901 0.000005557509 0.000005678996 0.000005915009 0.000006039779 0.000006245592 0.000006307642 0.000006524304 0.000006622955 0.000006686356 0.000006631736 0.000006683629 0.000006760851 0.000007065710 0.000007299826 0.000007660332 0.000008283202 0.000008631423 0.000008979439 0.000009356429 0.000009619542 0.000009772366 0.000010044046 0.000010518348 0.000010705590 0.000011013671 0.000011272772 0.000011731163 0.000012032116 0.000012367013 0.000012691490 0.000012963449 0.000013275681 0.000013690804 0.000014154440 0.000014612413 0.000014823408 0.000015483319 0.000015979660 0.000016158053 0.000016705572 0.000017104874 0.000017663827 0.000017968111 0.000018178836 0.000019081155
0.000005229919 0.000005358695 0.000005609793 0.000005605650 0.000005912141 0.000006116033 0.000006165395 0.000006402614 0.000006505884 0.000006642784 0.000006945886 0.000006775541 0.000006299534 0.000005804925 0.000006303840 0.000006493743 0.000006465175 0.000007494361 0.000008544778 0.000008796174 0.000009284567 0.000009599107 0.000009783622 0.000010188013 0.000010581410 0.000010761172 0.000011315258 0.000011481851 0.000011610699 0.000012111718 0.000012401109 0.000012953760 0.000013234796 0.000013577221 0.000014055674 0.000014406342 0.000014495896 0.000015428763 0.000015622202 0.000016081893 0.000016634265 0.000016765865 0.000017590625 0.000018042950 0.000018226062 0.000018897923 0.000019183009 0.000019716873
0.000005231359 0.000005531746 0.000005619364 0.000005692052 0.000005989021 0.000006100708 0.000006269475 0.000006480935 0.000006566456 0.000006544166 0.000006961026 0.000006778554 0.000006191910 0.000005789099 0.000006182747 0.000006462376 0.000006433381 0.000007427421 0.000008707698 0.000008953030 0.000009440121 0.000009787706 0.000009969363 0.000010355352 0.000010559377 0.000010916249 0.000011474776 0.000011673205 0.000012104557 0.000012285679 0.000012711869 0.000013284876 0.000013568386 0.000013813141 0.000014305820 0.000014616921 0.000014966755 0.000015596576 0.000015947627 0.000016728072 0.000016838560 0.000017249062 0.000018032732 0.000018254295 0.000018693544 0.000019253712 0.000019512728 0.000020502168
0.000005524095 0.000005658795 0.000005775510 0.000005946154 0.000006143532 0.000006309010 0.000006475304 0.000006534105 0.000006660428 0.000006460318 0.000006386367 0.000006265186 0.000006252279 0.000006123935 0.000006373219 0.000006558154 0.000006840590 0.000007671042 0.000008591788 0.000009171284 0.000009588717 0.000010115263 0.000010352819 0.000010787356 0.000011082265 0.000011444953 0.000011713193 0.000012207571 0.000012498970 0.000012785660 0.000013206414 0.000013642985 0.000013985623 0.000014372475 0.000014923777 0.000015278114 0.000015638261 0.000016394130 0.000016836392 0.000017213617 0.000017534110 0.000018127508 0.000018511034 0.000018998629 0.000019766715 0.000020052049 0.000020915148 0.000021077900
0.000005501807 0.000005787614 0.000006006763 0.000006028105 0.000006348028 0.000006354072 0.000006574509 0.000006890069 0.000006942318 0.000006443163 0.000005748204 0.000005859188 0.000006151675 0.000006018229 0.000006309582 0.000006661525 0.000006667682 0.000007739464 0.000009252787 0.000009569714 0.000009856970 0.000010510841 0.000010598607 0.000011286603 0.000011592414 0.000011778536 0.000012454546 0.000012556316 0.000012892493 0.000013499603 0.000013581613 0.000014113937 0.000014574735 0.000014705582 0.000015331106 0.000015850292 0.000016192217 0.000017086961 0.000017245131 0.000017827820 0.000018438567 0.000018770113 0.000019671856 0.000020174177 0.000020279255 0.000021059493 0.000021580637 0.000022213906
0.000005687556 0.000005967350 0.000006054206 0.000006188476 0.000006324001 0.000006477888 0.000006666118 0.000006845963 0.000006826806 0.000006501447 0.000005987692 0.000006175309 0.000006395024 0.000006287090 0.000006699356 0.000006775674 0.000006959895 0.000007916558 0.000008875390 0.000009376275 0.000009769499 0.000010289420 0.000010612380 0.000011371102 0.000011715940 0.000012027326 0.000012600779 0.000012871268 0.000013290268 0.000013576046 0.000013846800 0.000014577671 0.000014818170 0.000015266289 0.000015699486 0.000015971283 0.000016862287 0.000017222919 0.000017780033 0.000018337729 0.000018794908 0.000019229907 0.000020125715 0.000020242615 0.000020991608 0.000021622186 0.000021914815 0.000022811966
0.000005853549 0.000006057769 0.000006181269 0.000006367823 0.000006537581 0.000006770189 0.000006793674 0.000007061173 0.000007058641 0.000006700007 0.000006373832 0.000006521102 0.000006918988 0.000007602532 0.000007362869 0.000007248811 0.000007343975 0.000007827957 0.000008271421 0.000008612022 0.000009596881 0.000010627822 0.000011055983 0.000011553459 0.000011968873 0.000012459095 0.000013020699 0.000013304229 0.000013659773 0.000014242872 0.000014681138 0.000015114175 0.000015556395 0.000016072098 0.000016519647 0.000016878378 0.000017356582 0.000018142139 0.000018574452 0.000018921355 0.000019725378 0.000020274173 0.000020556948 0.000021258679 0.000022086477 0.000022628359 0.000023322059 0.000023608205
0.000005891072 0.000006188240 0.000006253656 0.000006424237 0.000006660699 0.000006917747 0.000006982085 0.000007330527 0.000007489024 0.000006816345 0.000006045029 0.000006460037 0.000007559747 0.000008858097 0.000007966753 0.000007305862 0.000007096437 0.000007888976 0.000007874486 0.000007923331 0.000009676180 0.000011346929 0.000011381599 0.000011820110 0.000012181131 0.000012765605 0.000013480612 0.000013417511 0.000014010318 0.000014692437 0.000014838449 0.000015575432 0.000016120648 0.000016278350 0.000016919672 0.000017357130 0.000017778828 0.000018576434 0.000019037440 0.000019630367 0.000020105360 0.000020393188 0.000021640980 0.000021864868 0.000022562560 0.000023481165 0.000023715417 0.000024814656
0.000006037273 0.000006347291 0.000006355988 0.000006540431 0.000006864374 0.000007050107 0.000007132688 0.000007259008 0.000007330294 0.000007064877 0.000006692412 0.000006947462 0.000007733726 0.000008287157 0.000008246758 0.000007916065 0.000007884156 0.000008214797 0.000008268192 0.000008570614 0.000009576695 0.000010486856 0.000010978685 0.000011545007 0.000012217204 0.000012909250 0.000013483731 0.000013893331 0.000014682387 0.000014879370 0.000015409590 0.000016054523 0.000016464475 0.000017104146 0.000017349813 0.000017811362 0.000018537817 0.000018896627 0.000019398659 0.000020282674 0.000020911650 0.000021577654 0.000022098590 0.000022712866 0.000023559038 0.000024207525 0.000024825182 0.000025880443
0.000006183401 0.000006477226 0.000006638711 0.000006698666 0.000007131321 0.000007264418 0.000007371246 0.000007700572 0.000007759730 0.000007226833 0.000006890676 0.000007030064 0.000008047342 0.000008933680 0.000008736973 0.000009006729 0.000009416750 0.000008763118 0.000008421924 0.000008597028 0.000009280913 0.000009463926 0.000010093588 0.000011809296 0.000013078635 0.000013257159 0.000014029170 0.000014640384 0.000014958010 0.000015696386 0.000016112057 0.000016518867 0.000017200330 0.000017385631 0.000018200606 0.000018602154 0.000019293424 0.000020233048 0.000020605312 0.000020915734 0.000022126091 0.000022641716 0.000023435040 0.000023938660 0.000024550380 0.000025406245 0.000026296278 0.000026731155
0.000006278752 0.000006573023 0.000006681476 0.000006780739 0.000007139824 0.000007370081 0.000007429524 0.000007881275 0.000007911854 0.000007548433 0.000006646108 0.000007116049 0.000008454609 0.000009380775 0.000009078030 0.000009548467 0.000009906687 0.000008958382 0.000008445416 0.000008457983 0.000009155617 0.000009082982 0.000009904313 0.000011931192 0.000013250231 0.000013137065 0.000014379210 0.000014801205 0.000015382908 0.000016176579 0.000016304053 0.000017192957 0.000017411299 0.000017978992 0.000018819452 0.000019013502 0.000019714038 0.000020389130 0.000021056246 0.000021760240 0.000022640930 0.000022897589 0.000023989291 0.000024138781 0.000025082766 0.000026448345 0.000026495160 0.000027703580
0.000006567167 0.000006671244 0.000006782954 0.000007090752 0.000007336317 0.000007491246 0.000007699677 0.000007891966 0.000007996811 0.000008060701 0.000007928206 0.000008310652 0.000008744510 0.000009180859 0.000009191075 0.000008982849 0.000009066312 0.000008836483 0.000008615299 0.000008941723 0.000009267839 0.000009681806 0.000010211546 0.000011277658 0.000012045398 0.000012953396 0.000013968377 0.000015046916 0.000015581730 0.000016505497 0.000016878506 0.000017394956 0.000018093329 0.000018540047 0.000019206179 0.000019885003 0.000020592056 0.000021205786 0.000021813654 0.000022646339 0.000023460624 0.000024301527 0.000024922657 0.000025635975 0.000026459795 0.000027382570 0.000027843333 0.000028716739
0.000006595444 0.000006814339 0.000007041418 0.000007181451 0.000007417106 0.000007742806 0.000007845634 0.000008273132 0.000008355301 0.000008601089 0.000009055690 0.000008993151 0.000009418740 0.000009909276 0.000009461681 0.000008529598 0.000008269169 0.000008776671 0.000008798692 0.000008834677 0.000009369878 0.000009617333 0.000010077672 0.000010768581 0.000010761663 0.000012362438 0.000014854704 0.000015535758 0.000016141192 0.000017126633 0.000017173071 0.000018123732 0.000018697379 0.000018929618 0.000020241951 0.000020684309 0.000021306775 0.000022366910 0.000022761450 0.000023471827 0.000024541720 0.000025012729 0.000026106641 0.000026879618 0.000027442002 0.000029067858 0.000029574540 0.000030387037
0.000006768995 0.000007010432 0.000007036684 0.000007264191 0.000007628473 0.000007830910 0.000007962723 0.000008383426 0.000008552878 0.000008804319 0.000009073716 0.000009265391 0.000009616645 0.000009834269 0.000009458836 0.000008826675 0.000008352498 0.000008901062 0.000008902495 0.000009118339 0.000009377377 0.000009633069 0.000010258049 0.000010901509 0.000011110903 0.000012460759 0.000014738567 0.000015707610 0.000016286952 0.000017224541 0.000017598958 0.000018570869 0.000019124642 0.000019644106 0.000020338947 0.000021035151 0.000021969854 0.000022724268 0.000023122992 0.000024230752 0.000024967792 0.000025320885 0.000026778354 0.000027374213 0.000028405237 0.000029522696 0.000030337233 0.000031732716
0.000006898554 0.000007076869 0.000007303943 0.000007458904 0.000007802290 0.000008086586 0.000008260093 0.000008553870 0.000008752190 0.000009139860 0.000009342394 0.000009479391 0.000009745954 0.000010093940 0.000009885990 0.000009229571 0.000008972745 0.000009157526 0.000009376435 0.000009466284 0.000009667133 0.000010179244 0.000010764125 0.000011087086 0.000011722362 0.000013026442 0.000015154238 0.000015943888 0.000016736022 0.000017955326 0.000018553467 0.000019028322 0.000019905922 0.000020531002 0.000021076819 0.000021900016 0.000022636464 0.000023720866 0.000024360090 0.000024811080 0.000026093292 0.000026876900 0.000027486950 0.000028643445 0.000029641557 0.000031181737 0.000032330395 0.000033565953
0.000006920773 0.000007273701 0.000007528671 0.000007617765 0.000008008836 0.000008188458 0.000008398461 0.000008842471 0.000008994932 0.000009339332 0.000009848799 0.000009883497 0.000010220494 0.000010701644 0.000010259211 0.000009216691 0.000008600882 0.000009443339 0.000009692275 0.000009680826 0.000010040903 0.000010507107 0.000010679638 0.000011377605 0.000011533806 0.000013004140 0.000016196874 0.000017085400 0.000017379866 0.000018612577 0.000019029332 0.000019915025 0.000020471948 0.000021264994 0.000022188422 0.000022410717 0.000023419979 0.000024752870 0.000024830051 0.000025986446 0.000027013046 0.000027329353 0.000028839536 0.000029398216 0.000030730802 0.000032077872 0.000032566729 0.000034968137
0.000007111997 0.000007381857 0.000007553305 0.000007754806 0.000008174132 0.000008326748 0.000008640436 0.000009002742 0.000009202742 0.000009609540 0.000009808521 0.000010158236 0.000010494994 0.000010646251 0.000010436539 0.000009859298 0.000009628061 0.000009918427 0.000009916214 0.000010009928 0.000010527127 0.000010647826 0.000011075964 0.000011458940 0.000011883033 0.000013252950 0.000015207010 0.000016134955 0.000017245943 0.000018283435 0.000019264641 0.000020164956 0.000020970940 0.000021721289 0.000022442432 0.000023165235 0.000024242768 0.000024789513 0.000025675067 0.000026666728 0.000027458683 0.000028437537 0.000029657952 0.000030433678 0.000032478761 0.000033477335 0.000034779704 0.000037759210
0.000007362992 0.000007639083 0.000007806103 0.000007885600 0.000008380961 0.000008598688 0.000008860865 0.000009381631 0.000009471558 0.000009918776 0.000010354515 0.000010512278 0.000010771524 0.000011123384 0.000011097735 0.000011310038 0.000011620231 0.000010919532 0.000010512052 0.000010435211 0.000010726878 0.000011151382 0.000011413814 0.000011805246 0.000012421284 0.000013117124 0.000014163946 0.000014744012 0.000016708465 0.000019219263 0.000019840886 0.000020659292 0.000021729096 0.000022719560 0.000023818628 0.000024553151 0.000025099777 0.000026462635 0.000026816621 0.000027409477 0.000029152655 0.000029665237 0.000031334880 0.000033148517 0.000034060299 0.000036474370 0.000038646328 0.000040719301
0.000007329841 0.000007736979 0.000007838223 0.000008061963 0.000008595869 0.000008827729 0.000009043047 0.000009554884 0.000009702102 0.000010003315 0.000010399762 0.000010631734 0.000011039581 0.000011474151 0.000011598991 0.000012114013 0.000012397721 0.000011418151 0.000010481394 0.000010622435 0.000011250464 0.000011221269 0.000011646773 0.000012331958 0.000012228602 0.000013263710 0.000013796885 0.000013892653 0.000016736626 0.000020035497 0.000020298614 0.000021150518 0.000022296593 0.000022876861 0.000024359354 0.000024539892 0.000025763049 0.000026923793 0.000027428009 0.000028888763 0.000029452533 0.000030521277 0.000033148360 0.000032915195 0.000035590548 0.000038913787 0.000039068456 0.000043396430
