tests/data/fatality_padang_2.asc
ncols         250
nrows         254
xllcorner     96.956
yllcorner     -5.5187329999999
cellsize      0.030741064
NODATA_value  -9999
[rows 66 to 87 of 254, columns 0 to 47 of 250]
0.000011017340 0.000011326246 0.000011717874 0.000012103357 0.000012723996 0.000013187756 0.000013828713 0.000014295668 0.000014942956 0.000015732595 0.000016487481 0.000017008577 0.000017796899 0.000018364798 0.000019068206 0.000020139785 0.000020736479 0.000021930608 0.000022825902 0.000023596566 0.000024743865 0.000025979162 0.000026941038 0.000028268635 0.000029538023 0.000031036867 0.000032564293 0.000034946643 0.000038615965 0.000042832643 0.000046823525 0.000051550605 0.000057977290 0.000063948359 0.000070713298 0.000078236315 0.000086806421 0.000098521234 0.000110099534 0.000119572900 0.000135886662 0.000150980755 0.000167312869 0.000184656978 0.000203256556 0.000226169574 0.000252262270 0.000276980574
0.000010811794 0.000011528757 0.000012087538 0.000012223394 0.000013042828 0.000013490544 0.000013938834 0.000014779744 0.000015119344 0.000015772769 0.000016862784 0.000016909339 0.000017926845 0.000018984136 0.000019397659 0.000020443949 0.000021144486 0.000021883849 0.000023337614 0.000023881906 0.000025656423 0.000026958002 0.000027522603 0.000029072587 0.000030066552 0.000031771655 0.000034415163 0.000034813565 0.000040136300 0.000045148593 0.000046782399 0.000055128342 0.000061431186 0.000066023032 0.000078276231 0.000082942079 0.000092704740 0.000107253974 0.000113391709 0.000129771367 0.000148657230 0.000154674462 0.000181959400 0.000199148347 0.000217674123 0.000250033342 0.000262433790 0.000301934021
0.000011054328 0.000011785876 0.000012093716 0.000012358276 0.000013058293 0.000013645947 0.000014192843 0.000014709470 0.000015411477 0.000015940772 0.000016612681 0.000017302650 0.000018384833 0.000018882688 0.000019829337 0.000020728705 0.000021403937 0.000022303710 0.000023331069 0.000024221624 0.000025501814 0.000026739288 0.000028167843 0.000029763293 0.000030734613 0.000032846384 0.000035084851 0.000036900262 0.000041632476 0.000045567657 0.000049602601 0.000057453361 0.000063436987 0.000070627386 0.000079779191 0.000086371806 0.000098154315 0.000108711263 0.000117689530 0.000135363837 0.000149579844 0.000163406172 0.000189114114 0.000208091649 0.000233926669 0.000258053319 0.000278433525 0.000319497611
0.000011294649 0.000011899166 0.000012103686 0.000012515924 0.000013181591 0.000013722539 0.000014313004 0.000014899432 0.000015549176 0.000016196164 0.000017068658 0.000017556728 0.000018457341 0.000019286642 0.000020145660 0.000021070427 0.000022131558 0.000022623534 0.000024113613 0.000024858901 0.000026415646 0.000027708626 0.000028558517 0.000030035489 0.000031699404 0.000033922079 0.000036987211 0.000038894276 0.000043167490 0.000048680957 0.000052802163 0.000060478260 0.000068034628 0.000075206714 0.000083852266 0.000093212285 0.000103368135 0.000117017643 0.000127491102 0.000143155640 0.000166222309 0.000178767072 0.000199973139 0.000222534416 0.000249042726 0.000284814083 0.000307908196 0.000342771463
0.000011240175 0.000011846657 0.000012382663 0.000012643663 0.000013404689 0.000013772674 0.000014245573 0.000015134344 0.000015578233 0.000016440302 0.000017589921 0.000017646419 0.000018819873 0.000019631697 0.000020167943 0.000021646492 0.000021868127 0.000023023664 0.000024756784 0.000024646055 0.000026742290 0.000028327806 0.000029046221 0.000030608011 0.000031270027 0.000034501415 0.000038018678 0.000039361117 0.000045048477 0.000051281782 0.000054384831 0.000063872652 0.000070039338 0.000076354223 0.000090448535 0.000095745867 0.000107787056 0.000126572855 0.000129430336 0.000152048714 0.000174730815 0.000184987972 0.000215366411 0.000233503531 0.000261043802 0.000306998256 0.000311219570 0.000362292989
0.000011540026 0.000012102619 0.000012562139 0.000012824779 0.000013362894 0.000013937647 0.000014645746 0.000015355246 0.000015932977 0.000016657977 0.000017433182 0.000018308536 0.000019010637 0.000019929260 0.000020513821 0.000021739568 0.000022397166 0.000023362187 0.000024458220 0.000025426525 0.000026953189 0.000028675292 0.000029522902 0.000031443677 0.000032853751 0.000035873648 0.000039061125 0.000041828725 0.000047666468 0.000052590403 0.000058194202 0.000065686954 0.000073512102 0.000082085167 0.000090670527 0.000099982263 0.000114647083 0.000128288358 0.000139424499 0.000159900215 0.000179995185 0.000200866519 0.000221712614 0.000247388680 0.000276795229 0.000311968223 0.000339341838 0.000386639907
0.000011810891 0.000012311985 0.000012745493 0.000012993700 0.000013893008 0.000014347771 0.000014734096 0.000015640558 0.000016137207 0.000016816459 0.000017960396 0.000018330075 0.000019482792 0.000020122575 0.000020689533 0.000022267908 0.000023066780 0.000023989649 0.000025534751 0.000025977528 0.000027534373 0.000029059719 0.000030166164 0.000032097733 0.000033769008 0.000036364448 0.000041525365 0.000043424563 0.000049812820 0.000056715036 0.000060417070 0.000070180410 0.000076697901 0.000085247016 0.000099577043 0.000108128608 0.000119633891 0.000137340961 0.000148082033 0.000167762861 0.000191037958 0.000208892259 0.000246677015 0.000269375048 0.000293569640 0.000338582639 0.000361729068 0.000407187319
0.000011656084 0.000012405804 0.000012946494 0.000013054276 0.000014134739 0.000014445306 0.000014784046 0.000015982752 0.000016244992 0.000017129402 0.000018036411 0.000018251347 0.000019496223 0.000020248144 0.000020887319 0.000022422701 0.000022972999 0.000024213078 0.000025625223 0.000026231348 0.000028015389 0.000029435803 0.000030491258 0.000032824043 0.000033158528 0.000037293786 0.000042277405 0.000044356442 0.000051114816 0.000058120115 0.000062347570 0.000073689032 0.000079603753 0.000086497179 0.000103219530 0.000108688322 0.000124867557 0.000143467159 0.000151321312 0.000178925674 0.000197444682 0.000213078409 0.000254110862 0.000272805344 0.000301936316 0.000354830165 0.000372134950 0.000424228046
0.000012239800 0.000012611815 0.000012949607 0.000013438445 0.000013929466 0.000014650064 0.000015090803 0.000015913625 0.000016529494 0.000017161909 0.000018261458 0.000018917490 0.000019603599 0.000020410520 0.000021588495 0.000022568840 0.000023448464 0.000024500892 0.000025608276 0.000027215867 0.000028060127 0.000029828937 0.000031140848 0.000033220327 0.000035298594 0.000039376951 0.000042498272 0.000047076715 0.000053885938 0.000061607925 0.000067361848 0.000075353241 0.000084414127 0.000094435740 0.000105539285 0.000115811011 0.000130848723 0.000148090257 0.000162247127 0.000180966644 0.000203508709 0.000225459355 0.000257192251 0.000286801676 0.000329809690 0.000363017612 0.000396124618 0.000455693732
0.000011924047 0.000012707603 0.000013036491 0.000013277290 0.000014411458 0.000014768991 0.000015106386 0.000016360271 0.000016452369 0.000017515279 0.000018583463 0.000019043239 0.000020410690 0.000020977957 0.000021786696 0.000022909314 0.000023415442 0.000024782838 0.000026411442 0.000027407477 0.000029007865 0.000030382186 0.000030951905 0.000034195595 0.000035308713 0.000039612825 0.000046746979 0.000048723545 0.000056793005 0.000064810398 0.000067958076 0.000079845408 0.000088206166 0.000094350170 0.000114036191 0.000122775833 0.000135978581 0.000158500475 0.000166253238 0.000191575662 0.000225480311 0.000229822400 0.000278684094 0.000308223030 0.000332068583 0.000399842692 0.000423604562 0.000486610712
0.000012052519 0.000012754754 0.000013078578 0.000013487979 0.000014290924 0.000014673097 0.000015504149 0.000016277587 0.000016669097 0.000017634605 0.000018553848 0.000019205616 0.000020317558 0.000021179326 0.000021700280 0.000023263186 0.000023913099 0.000025033308 0.000026533307 0.000027648662 0.000029243327 0.000029966735 0.000031679310 0.000035268397 0.000036640356 0.000041097384 0.000047297601 0.000050430499 0.000058446153 0.000064794826 0.000070581834 0.000081741728 0.000089000287 0.000098656412 0.000115807067 0.000124594719 0.000140323918 0.000158435908 0.000168213425 0.000187188076 0.000213707886 0.000226543786 0.000274968375 0.000310757476 0.000349184181 0.000406657110 0.000427867415 0.000495399382
0.000012356625 0.000012898866 0.000013271286 0.000013670265 0.000014468067 0.000015008468 0.000015597611 0.000016338771 0.000017184502 0.000017785831 0.000018936180 0.000019445171 0.000020331097 0.000021296138 0.000022413547 0.000023433186 0.000024518177 0.000025508790 0.000026909353 0.000027756326 0.000029662537 0.000031048133 0.000033433861 0.000035768883 0.000038062895 0.000043083984 0.000048776307 0.000053567713 0.000060217504 0.000067251905 0.000074895125 0.000083902446 0.000095406255 0.000106723883 0.000118585009 0.000133518258 0.000147116749 0.000164711737 0.000172887837 0.000173658168 0.000172514091 0.000208122241 0.000269981469 0.000323674150 0.000368662792 0.000417136328 0.000467209765 0.000511471965
0.000012213636 0.000012870722 0.000013510221 0.000013634160 0.000014601886 0.000015023621 0.000015727781 0.000016561867 0.000016861240 0.000017892364 0.000019170243 0.000019334204 0.000020947805 0.000021576133 0.000022499220 0.000023882608 0.000024649821 0.000025591663 0.000027467989 0.000028067806 0.000030003946 0.000031811101 0.000033047381 0.000037194180 0.000038976096 0.000043430782 0.000051454952 0.000053355407 0.000062358878 0.000072126973 0.000074638146 0.000089707524 0.000098463868 0.000108346812 0.000128609516 0.000134606467 0.000152923357 0.000181512883 0.000180688872 0.000165619464 0.000118492850 0.000173446057 0.000298385041 0.000354451094 0.000380235681 0.000460739556 0.000473436147 0.000534182613
0.000012530811 0.000013253775 0.000013569262 0.000014069266 0.000014589125 0.000015152954 0.000015827536 0.000016725853 0.000017327568 0.000018249090 0.000019201073 0.000019552648 0.000020993731 0.000021627088 0.000022724178 0.000023753941 0.000024943529 0.000026251806 0.000027391494 0.000028320243 0.000030279469 0.000032101651 0.000034504248 0.000037735997 0.000040252027 0.000045476797 0.000051763348 0.000055815993 0.000063593720 0.000071383158 0.000077743920 0.000091149020 0.000101704904 0.000113759169 0.000128846678 0.000141235326 0.000158921054 0.000176779320 0.000187524387 0.000186079660 0.000174358377 0.000218695188 0.000296781202 0.000347938572 0.000395838740 0.000449306626 0.000482756364 0.000528103049
0.000012609164 0.000013150116 0.000013731639 0.000013986339 0.000014683502 0.000015319857 0.000015894310 0.000017161976 0.000017765052 0.000018338089 0.000019239316 0.000019931912 0.000020905325 0.000021818270 0.000022752655 0.000024264422 0.000025132992 0.000026465137 0.000028302121 0.000029385273 0.000030813995 0.000032719628 0.000034946137 0.000038751610 0.000042411593 0.000046767154 0.000053955665 0.000058414423 0.000065695322 0.000075607619 0.000082044480 0.000094371723 0.000105875465 0.000117590285 0.000136304323 0.000150464212 0.000163720665 0.000190535333 0.000203862091 0.000219364610 0.000251361664 0.000270769461 0.000336589843 0.000382992919 0.000412991314 0.000492191823 0.000508669624 0.000484135234
0.000012586411 0.000013222417 0.000013702993 0.000014081530 0.000014921561 0.000015487949 0.000016129706 0.000017268136 0.000017841085 0.000018470881 0.000019752645 0.000019997361 0.000021085681 0.000021989258 0.000023018805 0.000024543367 0.000025012630 0.000026601790 0.000028796302 0.000029260683 0.000031357164 0.000033255362 0.000034951339 0.000040033524 0.000041920618 0.000047819076 0.000056543653 0.000058612759 0.000067943668 0.000078434094 0.000082729028 0.000097995343 0.000109256128 0.000117274033 0.000140852363 0.000149364927 0.000170604657 0.000203696437 0.000211607092 0.000239122346 0.000284760943 0.000291447337 0.000359172971 0.000392701700 0.000428974906 0.000515737604 0.000533652947 0.000483432466
0.000013000623 0.000013426360 0.000013838872 0.000014514806 0.000014920648 0.000015541840 0.000016304758 0.000017116799 0.000017863816 0.000018582651 0.000019565212 0.000020403354 0.000021517942 0.000022560697 0.000023468198 0.000024403698 0.000025718904 0.000027194844 0.000028603865 0.000029593445 0.000031951142 0.000034048651 0.000036492582 0.000040112976 0.000044193022 0.000049299991 0.000055153135 0.000061591579 0.000069292480 0.000080098538 0.000088106834 0.000099123666 0.000111554375 0.000125522277 0.000141627046 0.000155495382 0.000181620267 0.000198460397 0.000224710368 0.000252061736 0.000285803871 0.000321999259 0.000362536860 0.000405468052 0.000454742496 0.000499466922 0.000531254804 0.000541858582
0.000012849923 0.000013473278 0.000013918085 0.000014326879 0.000015342783 0.000015662280 0.000016512888 0.000017634474 0.000017910499 0.000018833467 0.000020128069 0.000020534070 0.000022089957 0.000023160221 0.000023362064 0.000025377829 0.000026028814 0.000027292076 0.000029041530 0.000029685387 0.000032543262 0.000033889631 0.000036043247 0.000042393604 0.000045292780 0.000049816610 0.000058705958 0.000062339740 0.000071339918 0.000082557568 0.000088282808 0.000106013175 0.000117815782 0.000125883687 0.000152111241 0.000164869980 0.000182732408 0.000218973053 0.000232994424 0.000267634780 0.000302100097 0.000323387310 0.000395493830 0.000434213710 0.000462950128 0.000549930413 0.000576706243 0.000629416792
0.000013004660 0.000013628731 0.000013961195 0.000014477216 0.000015445891 0.000015729116 0.000016602584 0.000017785628 0.000017948396 0.000019105374 0.000020187255 0.000020381109 0.000021886332 0.000023145816 0.000023869535 0.000025031646 0.000025877143 0.000027172501 0.000029273826 0.000030010588 0.000032508040 0.000033836281 0.000036447956 0.000042829613 0.000045791437 0.000050689107 0.000059306189 0.000063528540 0.000074534718 0.000083631566 0.000089883703 0.000107986069 0.000118155609 0.000130826147 0.000154073400 0.000164685303 0.000189972614 0.000220270147 0.000234671066 0.000280528307 0.000308585303 0.000340123759 0.000409659296 0.000442138182 0.000478913003 0.000554395709 0.000588070781 0.000631359757
0.000013235478 0.000013732744 0.000014073889 0.000014801105 0.000015391596 0.000015945017 0.000016704858 0.000017343269 0.000018336325 0.000019309257 0.000020125012 0.000020884408 0.000021751152 0.000022814254 0.000024130043 0.000025407301 0.000026076708 0.000027773741 0.000029411150 0.000030874560 0.000032718045 0.000034861470 0.000038478980 0.000042368644 0.000046753269 0.000053013329 0.000059665757 0.000066319403 0.000075079350 0.000085828925 0.000096417356 0.000108312317 0.000121737113 0.000136074884 0.000155205289 0.000169659280 0.000196718258 0.000225187377 0.000249658539 0.000284841518 0.000326454524 0.000360507194 0.000409348761 0.000454502753 0.000498559714 0.000555118382 0.000580165955 0.000575046325
0.000013098858 0.000013975466 0.000014424225 0.000014602218 0.000015493056 0.000016102911 0.000016592526 0.000017878948 0.000018105747 0.000019118745 0.000020359292 0.000021033544 0.000022273119 0.000022964346 0.000023643400 0.000025550333 0.000026329216 0.000027911736 0.000029668588 0.000030279365 0.000033349704 0.000034559020 0.000036662300 0.000043915274 0.000046798115 0.000052963785 0.000063433421 0.000066717818 0.000077582878 0.000089245512 0.000093522666 0.000112407220 0.000126725442 0.000138237535 0.000164623467 0.000174597918 0.000200335357 0.000237970404 0.000250050336 0.000295788567 0.000339426519 0.000357539946 0.000433674936 0.000461073299 0.000500272062 0.000611617355 0.000628359299 0.000545942571
0.000013338924 0.000014038818 0.000014334266 0.000014769993 0.000015670324 0.000016175631 0.000016970207 0.000017829774 0.000018512983 0.000019548247 0.000020259281 0.000021257950 0.000022302615 0.000023064020 0.000024488224 0.000026051135 0.000026889106 0.000028084229 0.000029795978 0.000030899336 0.000033574154 0.000035182915 0.000038166703 0.000044047674 0.000048961330 0.000054429272 0.000062775346 0.000068037309 0.000078845433 0.000088455252 0.000096068858 0.000113853060 0.000126291061 0.000141741021 0.000166822265 0.000180462584 0.000207172021 0.000236285364 0.000258293061 0.000297375615 0.000334690152 0.000374024226 0.000433255815 0.000466370690 0.000503465070 0.000578936984 0.000593213074 0.000533648173
