tests/data/fatality_padang_2.asc
ncols         250
nrows         254
xllcorner     96.956
yllcorner     -5.5187329999999
cellsize      0.030741064
NODATA_value  -9999
[rows 110 to 131 of 254, columns 0 to 47 of 250]
0.000012924093 0.000013575183 0.000014097005 0.000014470983 0.000015412600 0.000016284715 0.000016593516 0.000017580155 0.000018278909 0.000019126891 0.000020147756 0.000020577893 0.000022336050 0.000022947062 0.000024093561 0.000025754926 0.000026702207 0.000027731779 0.000029206486 0.000030094290 0.000032849979 0.000033775241 0.000036594452 0.000043707298 0.000046988092 0.000051313322 0.000061279835 0.000065851126 0.000076378372 0.000087232472 0.000094326214 0.000111553347 0.000120965034 0.000132565092 0.000156968241 0.000171459546 0.000194744311 0.000226594824 0.000244674503 0.000286517819 0.000318594783 0.000354659526 0.000417276852 0.000453430952 0.000509904455 0.000598625335 0.000638368659 0.000751454842
0.000012720497 0.000013550973 0.000014147471 0.000014442421 0.000015355656 0.000016078675 0.000016464676 0.000017676528 0.000018122024 0.000019169669 0.000019920720 0.000020663671 0.000022226414 0.000023002407 0.000023850166 0.000025403116 0.000026359399 0.000027645413 0.000029265704 0.000029934471 0.000032855087 0.000033590884 0.000036248988 0.000042644556 0.000046590200 0.000051047975 0.000060510323 0.000064723290 0.000075191022 0.000086209870 0.000091718922 0.000108144508 0.000121242640 0.000129666945 0.000155592090 0.000167353821 0.000186866580 0.000226214765 0.000237953262 0.000281911100 0.000324652486 0.000342982833 0.000408553810 0.000441814123 0.000494618402 0.000590249316 0.000637225748 0.000740402857
0.000012950739 0.000013499142 0.000013956846 0.000014551868 0.000015184725 0.000015863170 0.000016562653 0.000017391171 0.000018032865 0.000018942391 0.000020035996 0.000020618098 0.000021565649 0.000022825083 0.000023775523 0.000024958876 0.000025996666 0.000027586030 0.000028796998 0.000030421995 0.000031639681 0.000033781256 0.000037243419 0.000040918506 0.000044592667 0.000050581170 0.000056779148 0.000062217839 0.000072112719 0.000082189588 0.000091475073 0.000103368881 0.000117147973 0.000132004672 0.000144724250 0.000161850054 0.000186501329 0.000208469936 0.000240208297 0.000266680862 0.000305361909 0.000345034697 0.000378846322 0.000426092859 0.000484500678 0.000542362969 0.000611782859 0.000698324891
0.000012640145 0.000013499111 0.000013789373 0.000014144549 0.000015346001 0.000015679703 0.000016267833 0.000017234342 0.000017587619 0.000018920627 0.000019975114 0.000020400389 0.000021675922 0.000022398563 0.000023218143 0.000025006996 0.000025759300 0.000027288494 0.000028680975 0.000029477814 0.000031668619 0.000033209301 0.000035525233 0.000041065515 0.000043187880 0.000048613580 0.000057017349 0.000060844802 0.000070714620 0.000080292464 0.000085603833 0.000103317248 0.000112193852 0.000122791734 0.000148980179 0.000157764587 0.000178929776 0.000210011005 0.000221779475 0.000259674135 0.000296624766 0.000321095939 0.000384203551 0.000404160577 0.000461755864 0.000552125372 0.000580575638 0.000672547275
0.000012568504 0.000013218421 0.000013652413 0.000014043380 0.000015064594 0.000015720481 0.000016189453 0.000017309706 0.000017907407 0.000018763329 0.000019727801 0.000020407754 0.000021206641 0.000022392098 0.000023308191 0.000025003513 0.000025988855 0.000026741896 0.000028442703 0.000029138626 0.000031391807 0.000032671792 0.000035346702 0.000040463248 0.000043160505 0.000047740665 0.000056087406 0.000059736322 0.000068170564 0.000077869188 0.000084689190 0.000098800445 0.000109992909 0.000121595761 0.000143709974 0.000155349875 0.000174530947 0.000202758601 0.000219617525 0.000252859790 0.000289510406 0.000313354197 0.000370432934 0.000411628426 0.000453040735 0.000527126028 0.000572737728 0.000653989323
0.000012687962 0.000013340754 0.000013719211 0.000014251608 0.000014767838 0.000015474184 0.000016183799 0.000017161452 0.000017691269 0.000018334860 0.000019124065 0.000020052830 0.000021176040 0.000022042184 0.000023302316 0.000024384030 0.000025095092 0.000026419184 0.000027760116 0.000029179368 0.000030977296 0.000032754873 0.000035535098 0.000038602939 0.000041759222 0.000047266556 0.000053886750 0.000058665083 0.000066261517 0.000074245298 0.000081839919 0.000094378879 0.000105703444 0.000119880929 0.000134343756 0.000148241822 0.000167647073 0.000189036350 0.000207479766 0.000242279379 0.000271975387 0.000307101912 0.000346339084 0.000384079812 0.000437397118 0.000496838049 0.000547116807 0.000626146374
0.000012218464 0.000013192742 0.000013627486 0.000013892759 0.000014848358 0.000015251435 0.000015845396 0.000016974553 0.000017102183 0.000018126583 0.000019105007 0.000019377335 0.000021183388 0.000022188295 0.000022879578 0.000024004691 0.000024856902 0.000026334311 0.000028201498 0.000028526838 0.000030967766 0.000032359564 0.000034068676 0.000038349441 0.000040568910 0.000045653813 0.000053508159 0.000055746922 0.000064802546 0.000075906534 0.000078125705 0.000092587034 0.000102684023 0.000112279957 0.000134968363 0.000142565891 0.000162768870 0.000191618418 0.000195756367 0.000234122050 0.000265642147 0.000287381375 0.000343869517 0.000374949052 0.000419142592 0.000492266397 0.000516574351 0.000603465565
0.000012576738 0.000012996557 0.000013519667 0.000013883206 0.000014533394 0.000015372209 0.000015944525 0.000016631976 0.000017315700 0.000018193864 0.000018983533 0.000019580300 0.000020676649 0.000021550307 0.000022400422 0.000023814136 0.000024551208 0.000025742702 0.000027337075 0.000028625991 0.000030327200 0.000031718131 0.000034251849 0.000036944491 0.000039736458 0.000044798333 0.000050963578 0.000055902112 0.000062156549 0.000070963752 0.000078207416 0.000088020635 0.000099117014 0.000111477588 0.000125708883 0.000140646789 0.000157369187 0.000180081634 0.000197219348 0.000223378850 0.000255954905 0.000284166724 0.000321016279 0.000357313609 0.000399501998 0.000463564918 0.000511464070 0.000563821129
0.000012080514 0.000012792476 0.000013253774 0.000013526622 0.000014561084 0.000014993471 0.000015591048 0.000016640999 0.000016977965 0.000017973019 0.000018637884 0.000019224171 0.000020245746 0.000020947114 0.000022032049 0.000023474753 0.000024263656 0.000025390015 0.000026906160 0.000027495524 0.000029909450 0.000030768156 0.000032487407 0.000036487271 0.000038237377 0.000042752689 0.000048658098 0.000052605544 0.000060268462 0.000068746631 0.000074187537 0.000085950808 0.000092162824 0.000105616621 0.000120397072 0.000130636565 0.000150735216 0.000170763987 0.000182199043 0.000213994023 0.000235054888 0.000261087857 0.000304527193 0.000335209904 0.000384288026 0.000433144397 0.000471675018 0.000539479673
0.000011945008 0.000012706294 0.000013212895 0.000013352007 0.000014621509 0.000015006727 0.000015485766 0.000016671085 0.000016923715 0.000017590505 0.000018738463 0.000019057853 0.000020547131 0.000021249969 0.000021571124 0.000023424575 0.000024213788 0.000025268482 0.000026904740 0.000027028140 0.000029063771 0.000030720923 0.000031997521 0.000035834455 0.000036729711 0.000041454526 0.000048362205 0.000050766937 0.000058645607 0.000067920088 0.000070714210 0.000084268313 0.000093184749 0.000099080906 0.000119374177 0.000126326248 0.000143998731 0.000169667030 0.000176152448 0.000207431164 0.000236574941 0.000250915734 0.000301464119 0.000325198183 0.000362236668 0.000428158901 0.000446368399 0.000521516906
0.000012090014 0.000012629790 0.000013094078 0.000013432587 0.000014151473 0.000014829935 0.000015482671 0.000016051760 0.000016535186 0.000017647506 0.000018616841 0.000019195360 0.000019934427 0.000020707193 0.000021681936 0.000022653644 0.000023636467 0.000025142928 0.000026115719 0.000027554376 0.000028655425 0.000030104355 0.000031960338 0.000033892308 0.000036324970 0.000040434840 0.000044965985 0.000048696883 0.000056428367 0.000063650549 0.000071492108 0.000079093062 0.000088854761 0.000098766980 0.000108871069 0.000121355531 0.000139427263 0.000157844170 0.000174747966 0.000194441531 0.000221509850 0.000248517335 0.000275597571 0.000307934460 0.000344710494 0.000389093018 0.000438714109 0.000491266927
0.000011871405 0.000012384658 0.000012989750 0.000013108478 0.000013956921 0.000014386606 0.000014942986 0.000016070212 0.000016292696 0.000017270005 0.000018365304 0.000018563697 0.000019855130 0.000020453851 0.000021436999 0.000022852069 0.000023258957 0.000024368760 0.000026031879 0.000026816567 0.000028392904 0.000029389080 0.000030675535 0.000033301825 0.000034404161 0.000038097553 0.000044539163 0.000046534658 0.000054751993 0.000061037428 0.000064527458 0.000077420540 0.000082905827 0.000091140290 0.000107448169 0.000114104606 0.000131109467 0.000152735489 0.000162094407 0.000190708000 0.000209613201 0.000226662804 0.000270010386 0.000286180147 0.000318846418 0.000375298605 0.000399679817 0.000466041453
0.000011650818 0.000012413804 0.000012884061 0.000013067409 0.000013908339 0.000014445285 0.000014875755 0.000015715792 0.000016252687 0.000017096542 0.000018202508 0.000018739180 0.000019577297 0.000020374612 0.000020975157 0.000022575694 0.000023119469 0.000024109877 0.000025902154 0.000026293238 0.000027681767 0.000029479201 0.000030742391 0.000032913796 0.000034307770 0.000037328192 0.000043054940 0.000046046252 0.000052250898 0.000059433484 0.000063739115 0.000073778557 0.000081838839 0.000087974665 0.000103906774 0.000112940035 0.000125559687 0.000149341800 0.000155958307 0.000182463922 0.000203301886 0.000220298949 0.000260550168 0.000284174947 0.000310043268 0.000363236996 0.000388957068 0.000438281185
0.000011895703 0.000012216305 0.000012638606 0.000013055152 0.000013525819 0.000014279201 0.000014865375 0.000015520509 0.000016124239 0.000016920175 0.000017776012 0.000018492171 0.000019263077 0.000019882177 0.000020813731 0.000021908318 0.000022578103 0.000023808614 0.000025096750 0.000025863565 0.000027306925 0.000028825550 0.000030239876 0.000032142005 0.000033802752 0.000036678188 0.000039797407 0.000044154459 0.000050064185 0.000055861348 0.000061657537 0.000069880852 0.000077115484 0.000087130654 0.000095399637 0.000105894356 0.000120860907 0.000136131437 0.000149670503 0.000167694087 0.000188246794 0.000211265188 0.000235613238 0.000259910996 0.000295784965 0.000330912672 0.000364326085 0.000413541272
0.000011475028 0.000012123611 0.000012672971 0.000012731767 0.000013627978 0.000014169127 0.000014460529 0.000015499137 0.000015757973 0.000016749784 0.000017658648 0.000017764065 0.000019075243 0.000019673737 0.000020481635 0.000022157880 0.000022584868 0.000023816159 0.000024849205 0.000025513797 0.000027396793 0.000028942926 0.000029516441 0.000031686419 0.000032385814 0.000035455090 0.000040220024 0.000040856447 0.000047882995 0.000054858212 0.000057157341 0.000067646110 0.000074396759 0.000080557302 0.000094809459 0.000100397086 0.000113389612 0.000133554684 0.000139851160 0.000160525231 0.000181568199 0.000195237848 0.000232069123 0.000249808367 0.000275544782 0.000324045592 0.000334804118 0.000390337303
0.000011633597 0.000012048926 0.000012425145 0.000012734482 0.000013353233 0.000014045161 0.000014473628 0.000015259227 0.000015626304 0.000016582274 0.000017348528 0.000017869688 0.000018850891 0.000019670109 0.000020317670 0.000021855804 0.000022514597 0.000023369507 0.000024716731 0.000025531823 0.000026702806 0.000028159642 0.000029137886 0.000030841603 0.000032554304 0.000034823781 0.000038547871 0.000041433327 0.000045815030 0.000052203956 0.000056354042 0.000062930043 0.000071994636 0.000078386006 0.000090568493 0.000098294802 0.000108371681 0.000124868771 0.000136716400 0.000151734994 0.000171356541 0.000191254514 0.000213472012 0.000244358678 0.000262860060 0.000304197160 0.000327908651 0.000367981320
0.000011274328 0.000011815854 0.000012012169 0.000012676785 0.000013288608 0.000013518811 0.000014297653 0.000014851439 0.000015411418 0.000016235533 0.000017196985 0.000017745932 0.000018447313 0.000019463688 0.000020112367 0.000021090438 0.000021954433 0.000022905800 0.000023780016 0.000024904482 0.000026400555 0.000027147423 0.000028624164 0.000029957598 0.000031164974 0.000033676925 0.000036789791 0.000038722367 0.000043759863 0.000048163805 0.000052661476 0.000060698910 0.000066961510 0.000074203469 0.000084342605 0.000091339561 0.000104258782 0.000116548785 0.000124787494 0.000144043648 0.000156767281 0.000177350585 0.000202548269 0.000220737138 0.000247588665 0.000275384622 0.000296989308 0.000344816623
0.000011089847 0.000011656216 0.000011933465 0.000012312650 0.000013175529 0.000013382593 0.000013943245 0.000014968886 0.000015076254 0.000015956153 0.000016985453 0.000017453070 0.000018416092 0.000019354516 0.000019912779 0.000020979670 0.000021486263 0.000022651783 0.000023871799 0.000024073030 0.000026058187 0.000027061125 0.000027883993 0.000029710916 0.000030650329 0.000033069022 0.000035604444 0.000036362543 0.000042590733 0.000048377428 0.000049541295 0.000058754582 0.000064998687 0.000069652167 0.000082361509 0.000087605824 0.000097353828 0.000113994824 0.000117462073 0.000137444080 0.000154874993 0.000161759844 0.000196029982 0.000211305093 0.000231710440 0.000268702390 0.000278147745 0.000321666105
0.000011172323 0.000011616301 0.000011977353 0.000012341756 0.000012826497 0.000013456839 0.000014030991 0.000014544653 0.000015055738 0.000015930007 0.000016573838 0.000017412128 0.000017914590 0.000018958601 0.000019763463 0.000020505529 0.000021241467 0.000022363231 0.000023126967 0.000024267559 0.000025200147 0.000026642382 0.000027428047 0.000029189902 0.000030363367 0.000032008386 0.000034220412 0.000036920787 0.000040099022 0.000044560914 0.000049257109 0.000054183363 0.000060597432 0.000068143968 0.000074844838 0.000082846767 0.000092454387 0.000105873345 0.000115359188 0.000128748833 0.000146174975 0.000160642045 0.000177691091 0.000197159713 0.000219399629 0.000249958094 0.000269665080 0.000297200499
0.000010872701 0.000011348823 0.000011756482 0.000011971434 0.000012899413 0.000013230482 0.000013790068 0.000014557987 0.000014841280 0.000015621685 0.000016544806 0.000016809478 0.000018003427 0.000018434816 0.000019152185 0.000020393388 0.000020868542 0.000021795381 0.000023132387 0.000023634680 0.000024880604 0.000025986584 0.000026967018 0.000028633242 0.000029864049 0.000030910141 0.000032796740 0.000034180697 0.000038591228 0.000042524160 0.000044793198 0.000052357801 0.000057356777 0.000062009619 0.000072777378 0.000077187813 0.000089091661 0.000099003459 0.000105093797 0.000123556806 0.000133245127 0.000144872417 0.000168310719 0.000180242054 0.000202222850 0.000228992146 0.000241667321 0.000280674047
0.000010682169 0.000011357297 0.000011788049 0.000011858556 0.000012597104 0.000013121722 0.000013600173 0.000014494483 0.000014724959 0.000015592357 0.000016391267 0.000016559661 0.000017613460 0.000018442399 0.000018798784 0.000020211364 0.000020771136 0.000021459276 0.000022736739 0.000023191573 0.000024453623 0.000025448398 0.000026119103 0.000028307191 0.000029645541 0.000030517997 0.000032624135 0.000033695016 0.000037911182 0.000041482951 0.000043191633 0.000050421164 0.000055573822 0.000059651236 0.000070501884 0.000075654148 0.000082302777 0.000096313237 0.000101612126 0.000117407949 0.000131116373 0.000139322622 0.000161732475 0.000175813389 0.000189152412 0.000220942972 0.000233838151 0.000267932880
0.000010808843 0.000011220695 0.000011348956 0.000011751479 0.000012302898 0.000012851968 0.000013404678 0.000013810274 0.000014449650 0.000015146411 0.000015925998 0.000016552109 0.000017110065 0.000018080082 0.000018718759 0.000019377728 0.000019964093 0.000021000580 0.000022200846 0.000022844783 0.000023910869 0.000025198920 0.000025940371 0.000027216340 0.000028147608 0.000029971289 0.000031093159 0.000033027722 0.000035718980 0.000039264472 0.000042554779 0.000046845974 0.000051191135 0.000057417797 0.000062789610 0.000069361503 0.000078426698 0.000086804963 0.000097974202 0.000107590201 0.000119323000 0.000132712156 0.000147098193 0.000162244148 0.000181800088 0.000198017520 0.000215513411 0.000242147400
