tests/data/fatality_padang_2.asc
ncols         250
nrows         254
xllcorner     96.956
yllcorner     -5.5187329999999
cellsize      0.030741064
NODATA_value  -9999
[rows 88 to 109 of 254, columns 48 to 95 of 250]
0.000492285771 0.000577791880 0.000902604357 0.001205701796 0.001393926805 0.001694218220 0.001901140046 0.002147961381 0.002469799150 0.002693559408 0.003026551544 0.003460882687 0.003770639574 0.004216120339 0.004650104205 0.004778708971 0.005092839110 0.005383116784 0.006092585246 0.006791739604 0.007296734557 0.008347973679 0.009218624152 0.010048024723 0.011217314248 0.011877409282 0.012603799207 0.013870872618 0.014452865642 0.015606622762 0.017077340096 0.059746038875 0.107870522428 0.160846582108 0.213680722747 0.279671866372 0.336880196010 0.380956383857 0.431853981329 0.486780821267 0.541685667497 0.548227868451 0.549617854293 0.557073613304 0.562524964484 0.562624891383 0.575850830225 0.564153370202
0.000414007875 0.000507770258 0.000961881747 0.001373149075 0.001401016086 0.001744072352 0.001884317698 0.002170956045 0.002604680568 0.002702151295 0.003127522537 0.003559497173 0.003757332279 0.004462758811 0.004906050613 0.004966809313 0.005229902610 0.005352016697 0.006252169076 0.007198918901 0.007462229932 0.008731056762 0.009563944476 0.010250130558 0.011756456998 0.011960500286 0.012959497352 0.014416417099 0.014858827236 0.016447906325 0.017724364580 0.060866344379 0.113732135112 0.165136583095 0.219636196171 0.295066401060 0.351562413363 0.388118569611 0.427096142387 0.486663809843 0.553670386628 0.609769703826 0.615553304548 0.624017534958 0.624494117200 0.633633215575 0.649818752777 0.641660111980
0.000511048555 0.000634156271 0.000909787198 0.001230862435 0.001461994389 0.001664210702 0.001981816776 0.002245722406 0.002534886152 0.002807630874 0.003169526985 0.003556083054 0.003895165320 0.004270797148 0.004602831105 0.004922746233 0.005262712531 0.005680798121 0.006493947305 0.007254652640 0.008052808262 0.008921933797 0.009820354984 0.010583545799 0.011668484142 0.012397051587 0.013602796032 0.014428151789 0.015237575459 0.016847058661 0.017833876816 0.063674673560 0.114152227448 0.167816943633 0.223927238106 0.283734159534 0.339716859807 0.393239159027 0.445684803628 0.505944977496 0.570621706461 0.629642166488 0.691681475324 0.697642416651 0.700445987711 0.713145782044 0.715337292155 0.702098367715
0.000480907068 0.000590216937 0.001011898941 0.001344976719 0.001465020063 0.001792348803 0.002038706449 0.002275008975 0.002690828722 0.002829782417 0.003305754524 0.003724540009 0.003886157209 0.004144916237 0.004273186929 0.004795720276 0.005511893571 0.005847019095 0.006642034908 0.007663861339 0.008055506531 0.009409884713 0.010386510050 0.010886509831 0.012128532395 0.012933233304 0.013748072050 0.015396997575 0.016006420683 0.017416052743 0.018934914746 0.065613670861 0.120343749946 0.177393911530 0.226553914960 0.276801862050 0.329902597991 0.395170269965 0.462263231912 0.521317017250 0.594824689424 0.670362225434 0.721817681810 0.791554286720 0.799967202874 0.793637521027 0.814133953393 0.800374215321
0.000476638006 0.000598380170 0.001060917560 0.001390543134 0.001503256081 0.001856328553 0.002012994606 0.002347946571 0.002709404788 0.002878422744 0.003418616553 0.003781659060 0.003873715305 0.004111360892 0.004151568020 0.004774301474 0.005599410507 0.005867530969 0.006752516820 0.007760202246 0.008130826688 0.009569837627 0.010525318278 0.011072511188 0.012501663699 0.013100029903 0.014187780995 0.015618644045 0.016234588228 0.018128709784 0.019267170991 0.066233274072 0.122711195158 0.179509912290 0.228766998264 0.276538718439 0.328382357665 0.402773496073 0.466022751819 0.528098604340 0.607797918656 0.680123698479 0.739649618108 0.807843884053 0.868638096201 0.872210754919 0.885217320095 0.882153934686
0.000735127511 0.000860159693 0.001076910248 0.001358221930 0.001604491563 0.001798065012 0.002074016435 0.002364222896 0.002742066751 0.003039083905 0.003342421327 0.003743898536 0.004020882554 0.004194174572 0.004415495576 0.004930514285 0.005463847111 0.006074450207 0.006833642112 0.007860082965 0.008673562941 0.009615408387 0.010532890081 0.011461187783 0.012423776556 0.013314149595 0.014326040839 0.015957735149 0.016865185743 0.017854596169 0.019557429608 0.068125855506 0.121973009955 0.179392192981 0.233327110428 0.284522110056 0.343429768630 0.409723688556 0.478036018670 0.545052930810 0.618498354685 0.692571840099 0.758130798327 0.821223021067 0.883394475230 0.946880752439 0.953114413646 0.953638397300
0.001000100367 0.001029245178 0.001254000853 0.001470165698 0.001569747055 0.001951579894 0.002100166407 0.002383835134 0.002823106079 0.002943372034 0.003449075404 0.003984951057 0.004031049042 0.004284708493 0.004349634824 0.004942407404 0.005761522338 0.006051019748 0.007005962876 0.008096827160 0.008475289921 0.009950913464 0.010968611421 0.011555596108 0.012893121475 0.013385117816 0.014844557250 0.016285703017 0.016806871100 0.018422510068 0.020018094550 0.068727790613 0.127769345982 0.190973654925 0.237652656424 0.290315194866 0.345715939681 0.418063842720 0.495378072881 0.555506772924 0.639672887929 0.725527095518 0.774791747798 0.841105378631 0.906052075045 0.965961405548 1.041018924581 1.035788563346
0.000999457897 0.001082197494 0.001289173284 0.001449283062 0.001617151031 0.001934179339 0.002139530038 0.002417662811 0.002796161431 0.002969784990 0.003452611623 0.003855054835 0.004069478033 0.004254043948 0.004471762197 0.005005219555 0.005772481343 0.006143401485 0.007125217583 0.008019948975 0.008735840951 0.009960683202 0.010953914857 0.011849021457 0.012921011930 0.013654492163 0.014860177231 0.016246611460 0.016896192199 0.018618170691 0.019934353783 0.068756086630 0.125828271007 0.186066558956 0.236377060098 0.290799445075 0.348516787818 0.420292494334 0.494259217720 0.561004746036 0.644657912926 0.723387593394 0.783323331085 0.845103881019 0.907333334490 0.969687541817 1.036281531592 1.036119957465
0.000996825726 0.001130741245 0.001295350761 0.001464190008 0.001681985156 0.001918524445 0.002147742730 0.002460805703 0.002784469845 0.003036242343 0.003488747767 0.003875934695 0.004138321312 0.004278035956 0.004518330990 0.005073192190 0.005761788664 0.006363121704 0.007106624874 0.008037514363 0.008864313596 0.009824469870 0.010972188798 0.011832761183 0.012778605760 0.013917735026 0.015107601873 0.016101447691 0.017085862342 0.018518877233 0.019763426846 0.069102674022 0.119154414984 0.171137339117 0.230207888726 0.291564559745 0.352401641777 0.422551395965 0.496545349514 0.570229974860 0.647213885363 0.725836285386 0.786817042473 0.845259367327 0.908360932659 0.964354020521 1.014735062069 1.019599500886
0.001056771139 0.001097686744 0.001354685268 0.001491923856 0.001654020601 0.001980466768 0.002106900402 0.002422399726 0.002884950482 0.002955231766 0.003537052397 0.004054480368 0.004121065572 0.004373472741 0.004357395417 0.005097778416 0.005972241245 0.006222797902 0.007224529349 0.008404736568 0.008742660947 0.010172801587 0.010994588156 0.011728080010 0.013304482796 0.013760095832 0.014907006251 0.016843524218 0.017105197878 0.018688628531 0.020432324996 0.068654910667 0.116167384044 0.161816873069 0.225589057621 0.294354518706 0.350844583152 0.426227904784 0.508066045964 0.570597489674 0.656593602029 0.745822377931 0.792939878462 0.848921950229 0.909106396493 0.962602086692 0.988533338011 0.999719822254
0.001023619974 0.001128156978 0.001329530819 0.001485654303 0.001700807668 0.001912490478 0.002150130539 0.002433281073 0.002784073241 0.003046866073 0.003502514568 0.003916798450 0.004084589328 0.004274222518 0.004559266301 0.005129121252 0.005829292272 0.006281784255 0.007241710269 0.008134622195 0.008976051798 0.009851893378 0.010826171878 0.011795622332 0.013151909170 0.013823082594 0.015093369303 0.016213823652 0.017036637649 0.018624779481 0.019930544731 0.068191338218 0.116687858988 0.166851962631 0.225827441951 0.290197765539 0.351492516136 0.421420618591 0.497448479920 0.570844584033 0.648616597682 0.727985035326 0.788935571657 0.849404170440 0.910241676261 0.968119383805 1.017676010449 1.024226486733
0.001045995042 0.001131586986 0.001338281103 0.001484207157 0.001686772361 0.001953097713 0.002157586605 0.002439555065 0.002803430910 0.003018127379 0.003498083980 0.003871423901 0.004018603038 0.004351870784 0.004526969660 0.005125517843 0.005805196331 0.006342149350 0.007178111104 0.008128877234 0.008748252341 0.010001875071 0.011006874645 0.011887890086 0.013089591141 0.013941820573 0.015062454170 0.016149936932 0.016860475729 0.018564977814 0.019648397230 0.067522145186 0.116328255714 0.166077401737 0.224731600475 0.287871471326 0.347038460042 0.418756008374 0.493567136083 0.562422830891 0.644877955613 0.722976426802 0.785171168787 0.848102300749 0.910184702766 0.977914911280 1.052384271677 1.052804414454
0.001046780570 0.001116574803 0.001359707689 0.001500762599 0.001642457268 0.001980246655 0.002099173898 0.002432016974 0.002859556682 0.002945057967 0.003451775135 0.003952818328 0.003996611977 0.004250663918 0.004405328912 0.005044534144 0.005987622132 0.006190506696 0.007164429673 0.008322491115 0.008655911607 0.010183015352 0.010884887034 0.011507989565 0.013332265788 0.013861581649 0.014949612832 0.016208735049 0.016742704549 0.018573398594 0.020028096402 0.067111591917 0.116195955189 0.162523149531 0.223130609856 0.287787884059 0.344078274615 0.417820847755 0.496239325976 0.557654880490 0.643828174573 0.727753892153 0.780263320484 0.845032077563 0.908683117390 0.979869361123 1.065027847292 1.059771284109
0.001036883276 0.001159731259 0.001301020520 0.001484546921 0.001662488395 0.001889858583 0.002051820553 0.002324710552 0.002649133970 0.002962480190 0.003257968910 0.003619763666 0.003964364258 0.004114654710 0.004418452801 0.004867731683 0.005448083963 0.006296769715 0.007090534073 0.008022910519 0.008762609890 0.009764802848 0.010677138956 0.011700568230 0.012626725455 0.013499489688 0.014740807411 0.015911665046 0.016980544462 0.018096386263 0.019614819120 0.067512752448 0.117841080294 0.170674429463 0.225817150165 0.281686206549 0.342367878398 0.410173429211 0.482574605659 0.552466337587 0.626854998192 0.702271000471 0.769645478702 0.833716702031 0.898555870050 0.968347759553 1.039919041683 1.041814031669
0.001036681967 0.001104064200 0.001328797320 0.001468545754 0.001596345598 0.001903061356 0.002055299031 0.002239807953 0.002692837003 0.002786633885 0.003214897798 0.003772791204 0.003764349026 0.004062487188 0.004240487909 0.004674816458 0.005587067712 0.005980822140 0.007013490668 0.007862480193 0.008374463079 0.009911754547 0.010630253052 0.011357463940 0.012844915157 0.013289449680 0.014388998199 0.015919129420 0.016554127686 0.018418161800 0.019644229526 0.067093979233 0.122873961626 0.181679222260 0.227764745407 0.279375266681 0.333207375130 0.405374716413 0.475018791415 0.537655851855 0.620484149727 0.694523645106 0.755975285774 0.825538933557 0.888940340672 0.958960383282 1.039525265775 1.035826814701
0.001019128039 0.001095462072 0.001324110089 0.001441244732 0.001550590873 0.001875159378 0.002001569220 0.002130759718 0.002549332844 0.002631003799 0.002964111639 0.003591672033 0.003560017535 0.003730761676 0.004074000026 0.004371104519 0.005470793727 0.005841947760 0.006695210856 0.007907643281 0.008366311085 0.009729209089 0.010588081057 0.011175498074 0.012565112549 0.013238441227 0.014226322578 0.015797177357 0.016358861294 0.017918933348 0.019284596694 0.066370577192 0.122016894416 0.180397782952 0.226622131959 0.278028238162 0.330767842777 0.397744339845 0.470494754458 0.530103043858 0.608699685564 0.688581594688 0.741820864027 0.814335607002 0.880488382674 0.937633181147 1.027440308790 1.022253421100
0.000987285856 0.001103532190 0.001255136828 0.001415625998 0.001548258048 0.001713644687 0.001859640653 0.001897748644 0.001788582207 0.001980114266 0.002583517441 0.003049629573 0.003111513898 0.002934735876 0.003032727132 0.003842460284 0.004853784747 0.005512008210 0.006471746481 0.007563226085 0.008379087003 0.009243290990 0.010105003811 0.011140319868 0.011955911344 0.012715980700 0.014006107829 0.015093875549 0.016268376273 0.017348968298 0.018461593268 0.065457545124 0.116517078764 0.170668960789 0.222184926301 0.270527630685 0.325025579916 0.389217439832 0.452802338861 0.516547477078 0.583956019299 0.651006015200 0.717302109023 0.779420371988 0.839874084340 0.910817391328 0.972199464835 0.976660113063
0.000990621480 0.001050015287 0.001265523760 0.001398408986 0.001499263154 0.001781279832 0.001904978253 0.001683081282 0.001175203793 0.001309289399 0.002360440981 0.003559832824 0.003003337505 0.002359038469 0.001912389884 0.003182290043 0.005052271661 0.005423786695 0.006235849291 0.007445892532 0.007820078934 0.009114589096 0.010100719476 0.010670732664 0.012211475720 0.012540862203 0.013564805779 0.014894506372 0.015225329724 0.016936354413 0.018510718143 0.063285686457 0.117473469651 0.172280787212 0.218209327124 0.262850472765 0.311363548966 0.380372791636 0.445039309717 0.500763365208 0.570383953180 0.637155270361 0.692989534467 0.759124920939 0.813559522806 0.880188613321 0.901131808022 0.899680488055
0.000958376776 0.001050822215 0.001208721149 0.001363261926 0.001477084380 0.001714414856 0.001805691273 0.001674733935 0.001477128064 0.001539180442 0.002050674370 0.002636733927 0.002545608122 0.002290264381 0.002340840645 0.003196222242 0.004629708062 0.005224088232 0.005937460097 0.007114045130 0.007697775990 0.008782133291 0.009744673375 0.010500275391 0.011759127942 0.012446047064 0.013155119428 0.014592257813 0.015317592089 0.016418736480 0.017869354555 0.062173349276 0.111883647683 0.166627799440 0.213713915922 0.264071800728 0.315703826866 0.373066498490 0.435820473976 0.491633478067 0.554307660852 0.622401584717 0.675204115003 0.742022671400 0.799176204264 0.800013809204 0.821545039492 0.815793382195
0.000912778226 0.000999785952 0.001166498448 0.001317074916 0.001463113116 0.001634296901 0.001705356404 0.001794183585 0.001948421716 0.001961937967 0.001776300535 0.001667516626 0.001952708459 0.002104620833 0.002222003488 0.003064503374 0.004331981138 0.004974716587 0.005706867534 0.006626725137 0.007299167030 0.008359713765 0.009229939132 0.010097036586 0.011230348549 0.011732374355 0.012932232909 0.013681613456 0.014389397914 0.015729445005 0.016721677895 0.059408147079 0.107405356800 0.156725886423 0.209710934874 0.266302280941 0.318925239876 0.367969780262 0.412368400363 0.469738867261 0.534279709443 0.587884505369 0.651258226821 0.702410563969 0.704359278383 0.720904308664 0.720244462188 0.721023595447
0.000934755141 0.000976112693 0.001166107544 0.001313898105 0.001384472773 0.001650953882 0.001753930424 0.001764558043 0.002314603244 0.002177534339 0.001645683928 0.001329564836 0.001573966258 0.001931553974 0.001772011292 0.002872917108 0.004496431940 0.004976554483 0.005605455930 0.006669690682 0.007005197330 0.008251203364 0.008959521528 0.009678063591 0.010908163873 0.011622249448 0.012320542782 0.013579796562 0.013999713170 0.015418788696 0.016330411988 0.056948704177 0.105123463015 0.154409900511 0.204494052081 0.270096479116 0.322729668546 0.362173639897 0.399431772231 0.455007075567 0.523168356514 0.570461282078 0.632370094753 0.635170762478 0.633895929538 0.647882059558 0.658224387629 0.653638037711
0.000886967139 0.000991634174 0.001108918422 0.001250498474 0.001378227981 0.001509270448 0.001589711478 0.001544112932 0.001631465955 0.001594686427 0.001479120212 0.001442429992 0.001730342275 0.002078879514 0.002383833523 0.003008844350 0.003942923408 0.004639688788 0.005356643467 0.006201238139 0.006892447006 0.007709869659 0.008482783082 0.009315668537 0.010213122650 0.011235543707 0.011842971219 0.012825316667 0.013498249646 0.014441044148 0.015687389324 0.055522143660 0.099538051837 0.147051833361 0.197079284132 0.254993747189 0.307789209225 0.354701514711 0.406215960028 0.461089346184 0.519032843825 0.575123347080 0.580365440508 0.584547298811 0.588937220703 0.582813503200 0.582191878888 0.576716839900
