examples/build_demonstration_server/impact_modelling_data/impact/Earthquake_Fatalities_Padang_2009.asc
ncols         625
nrows         197
xllcorner     98.110656731471
yllcorner     -1.946949662470
cellsize      0.008333333333
NODATA_value  -9999
[rows 0 to 23 of 197, columns 324 to 377 of 625]
0.059970418515 0.059970418515 0.010979418039 0.010979418039 0.010979418039 0.010268136852 0.010268136852 0.005336676311 0.005336676311 0.004902874294 0.004902874294 0.004902874294 0.014746337278 0.012833902978 0.012833902978 0.012833902978 0.012833902978 0.011589569089 0.011589569089 0.011589569089 0.010604113238 0.010604113238 0.011043632816 0.011043632816 0.009412509936 0.009412509936 0.009412509936 0.007197601417 0.006851052403 0.006851052403 0.006851052403 0.005997622923 0.006137495192 0.006137495192 0.006137495192 0.005376022995 0.005376022995 0.003038024864 0.003038024864 0.002970122304 0.002970122304 0.002970122304 0.001838289626 0.001838289626 0.001838289626 0.001838289626 0.001687273436 0.001687102345 0.001687102345 0.001687102345 0.001750542305 0.001750542305 0.001750542305 0.001423643788
0.059970418515 0.059970418515 0.010979418039 0.010979418039 0.010979418039 0.010268136852 0.010268136852 0.005336676311 0.005336676311 0.004902874294 0.004902874294 0.004902874294 0.014746337278 0.012833902978 0.012833902978 0.012833902978 0.012833902978 0.011589569089 0.011589569089 0.011589569089 0.010604113238 0.010604113238 0.011043632816 0.011043632816 0.009412509936 0.009412509936 0.009412509936 0.007197601417 0.006851052403 0.006851052403 0.006851052403 0.005997622923 0.006137495192 0.006137495192 0.006137495192 0.005376022995 0.005376022995 0.003038024864 0.003038024864 0.002970122304 0.002970122304 0.002970122304 0.001838289626 0.001838289626 0.001838289626 0.001838289626 0.001687273436 0.001687102345 0.001687102345 0.001687102345 0.001750542305 0.001750542305 0.001750542305 0.001423643788
0.059970418515 0.059970418515 0.010979418039 0.010979418039 0.010979418039 0.010268136852 0.010268136852 0.005336676311 0.005336676311 0.004902874294 0.004902874294 0.004902874294 0.014746337278 0.012833902978 0.012833902978 0.012833902978 0.012833902978 0.011589569089 0.011589569089 0.011589569089 0.010604113238 0.010604113238 0.011043632816 0.011043632816 0.009412509936 0.009412509936 0.009412509936 0.007197601417 0.006851052403 0.006851052403 0.006851052403 0.005997622923 0.006137495192 0.006137495192 0.006137495192 0.005376022995 0.005376022995 0.003038024864 0.003038024864 0.002970122304 0.002970122304 0.002970122304 0.001838289626 0.001838289626 0.001838289626 0.001838289626 0.001687273436 0.001687102345 0.001687102345 0.001687102345 0.001750542305 0.001750542305 0.001750542305 0.001423643788
0.058662272332 0.058662272332 0.011646655899 0.011646655899 0.011646655899 0.010773867428 0.010773867428 0.005599520527 0.005599520527 0.005017313455 0.005017313455 0.005017313455 0.015090535061 0.013695229106 0.013695229106 0.013695229106 0.013695229106 0.012134576294 0.012134576294 0.012134576294 0.010854285008 0.010854285008 0.011304173712 0.011304173712 0.009950872550 0.009950872550 0.009950872550 0.007609279018 0.006920475476 0.006920475476 0.006920475476 0.006203006048 0.006347668115 0.006347668115 0.006347668115 0.005738231380 0.005738231380 0.003242711132 0.003242711132 0.002945493444 0.002945493444 0.002945493444 0.001953964635 0.001953964635 0.001953964635 0.001953964635 0.001848957110 0.001848769625 0.001848769625 0.001848769625 0.001909605712 0.001909605712 0.001909605712 0.001994253998
0.027410259602 0.027410259602 0.025740401870 0.025740401870 0.025740401870 0.023811442504 0.023811442504 0.013297545042 0.013297545042 0.011914940098 0.011914940098 0.011914940098 0.018848532048 0.017105752954 0.017105752954 0.017105752954 0.017105752954 0.009365486519 0.009365486519 0.009365486519 0.008377355537 0.008377355537 0.004207293198 0.004207293198 0.003703608902 0.003703608902 0.003703608902 0.010831545013 0.009851057039 0.009851057039 0.009851057039 0.008829764169 0.007132244985 0.007132244985 0.007132244985 0.006447481380 0.006447481380 0.001656596401 0.001656596401 0.001504757483 0.001504757483 0.001504757483 0.002182388789 0.002182388789 0.002182388789 0.002182388789 0.002065105579 0.002687817814 0.002687817814 0.002687817814 0.002776263836 0.002776263836 0.003168563213 0.003309018095
0.027410259602 0.027410259602 0.025740401870 0.025740401870 0.025740401870 0.023811442504 0.023811442504 0.013297545042 0.013297545042 0.011914940098 0.011914940098 0.011914940098 0.018848532048 0.017105752954 0.017105752954 0.017105752954 0.017105752954 0.009365486519 0.009365486519 0.009365486519 0.008377355537 0.008377355537 0.004207293198 0.004207293198 0.003703608902 0.003703608902 0.003703608902 0.010831545013 0.009851057039 0.009851057039 0.009851057039 0.008829764169 0.007132244985 0.007132244985 0.007132244985 0.006447481380 0.006447481380 0.001656596401 0.001656596401 0.001504757483 0.001504757483 0.001504757483 0.002182388789 0.002182388789 0.002182388789 0.002182388789 0.002065105579 0.002687817814 0.002687817814 0.002687817814 0.002776263836 0.002776263836 0.003168563213 0.003309018095
0.028644619895 0.028644619895 0.026013698258 0.026013698258 0.026013698258 0.025350864167 0.025350864167 0.014157237977 0.014157237977 0.012611385352 0.012611385352 0.012611385352 0.019950255646 0.017137860374 0.017137860374 0.017137860374 0.017137860374 0.009822219258 0.009822219258 0.009822219258 0.008468375579 0.008468375579 0.004253005476 0.004253005476 0.003757759434 0.003757759434 0.003757759434 0.010989913226 0.010507225199 0.010507225199 0.010507225199 0.008763517888 0.007078734529 0.007078734529 0.007078734529 0.006438073761 0.006438073761 0.001654179236 0.001654179236 0.001555013475 0.001555013475 0.001555013475 0.002108870155 0.002108870155 0.002108870155 0.002108870155 0.001980326753 0.002577474769 0.002577474769 0.002577474769 0.002876486996 0.002876486996 0.003282948385 0.004515751523
0.028644619895 0.028644619895 0.026013698258 0.026013698258 0.026013698258 0.025350864167 0.025350864167 0.014157237977 0.014157237977 0.012611385352 0.012611385352 0.012611385352 0.019950255646 0.017137860374 0.017137860374 0.017137860374 0.017137860374 0.009822219258 0.009822219258 0.009822219258 0.008468375579 0.008468375579 0.004253005476 0.004253005476 0.003757759434 0.003757759434 0.003757759434 0.010989913226 0.010507225199 0.010507225199 0.010507225199 0.008763517888 0.007078734529 0.007078734529 0.007078734529 0.006438073761 0.006438073761 0.001654179236 0.001654179236 0.001555013475 0.001555013475 0.001555013475 0.002108870155 0.002108870155 0.002108870155 0.002108870155 0.001980326753 0.002577474769 0.002577474769 0.002577474769 0.002876486996 0.002876486996 0.003282948385 0.004515751523
0.028644619895 0.028644619895 0.026013698258 0.026013698258 0.026013698258 0.025350864167 0.025350864167 0.014157237977 0.014157237977 0.012611385352 0.012611385352 0.012611385352 0.019950255646 0.017137860374 0.017137860374 0.017137860374 0.017137860374 0.009822219258 0.009822219258 0.009822219258 0.008468375579 0.008468375579 0.004253005476 0.004253005476 0.003757759434 0.003757759434 0.003757759434 0.010989913226 0.010507225199 0.010507225199 0.010507225199 0.008763517888 0.007078734529 0.007078734529 0.007078734529 0.006438073761 0.006438073761 0.001654179236 0.001654179236 0.001555013475 0.001555013475 0.001555013475 0.002108870155 0.002108870155 0.002108870155 0.002108870155 0.001980326753 0.002577474769 0.002577474769 0.002577474769 0.002876486996 0.002876486996 0.003282948385 0.004515751523
0.029944961663 0.029944961663 0.053100561564 0.053100561564 0.053100561564 0.051747548927 0.051747548927 0.047174942741 0.047174942741 0.042023831401 0.042023831401 0.042023831401 0.038479310654 0.033054867314 0.033054867314 0.033054867314 0.033054867314 0.009388380161 0.009388380161 0.009388380161 0.008094334609 0.008094334609 0.002446559087 0.002446559087 0.002161666742 0.002161666742 0.002161666742 0.001474324919 0.001409571088 0.001409571088 0.001409571088 0.001175648300 0.001630611140 0.001630611140 0.001630611140 0.001483032702 0.001483032702 0.000931730605 0.000931730605 0.000875874641 0.000875874641 0.000875874641 0.001884805351 0.001884805351 0.001884805351 0.001884805351 0.001769919524 0.004697021432 0.004697021432 0.004697021432 0.005241921756 0.005241921756 0.005738681029 0.007893653677
0.030649913628 0.030649913628 0.055803216795 0.055803216795 0.055803216795 0.051189766367 0.051189766367 0.046666447926 0.046666447926 0.042783599630 0.042783599630 0.042783599630 0.039174995858 0.034281980414 0.034281980414 0.034281980414 0.034281980414 0.009341965921 0.009341965921 0.009341965921 0.008337405175 0.008337405175 0.002520028560 0.002520028560 0.002220684221 0.002220684221 0.002220684221 0.001514576701 0.001401366666 0.001401366666 0.001401366666 0.001221668668 0.001694440879 0.001694440879 0.001694440879 0.001504997862 0.001504997862 0.000945530444 0.000945530444 0.000881029856 0.000881029856 0.000881029856 0.001941158399 0.001941158399 0.001941158399 0.001941158399 0.001864299722 0.004947488081 0.004947488081 0.004947488081 0.005223617464 0.005223617464 0.005718642100 0.006640509265
0.030649913628 0.030649913628 0.055803216795 0.055803216795 0.055803216795 0.051189766367 0.051189766367 0.046666447926 0.046666447926 0.042783599630 0.042783599630 0.042783599630 0.039174995858 0.034281980414 0.034281980414 0.034281980414 0.034281980414 0.009341965921 0.009341965921 0.009341965921 0.008337405175 0.008337405175 0.002520028560 0.002520028560 0.002220684221 0.002220684221 0.002220684221 0.001514576701 0.001401366666 0.001401366666 0.001401366666 0.001221668668 0.001694440879 0.001694440879 0.001694440879 0.001504997862 0.001504997862 0.000945530444 0.000945530444 0.000881029856 0.000881029856 0.000881029856 0.001941158399 0.001941158399 0.001941158399 0.001941158399 0.001864299722 0.004947488081 0.004947488081 0.004947488081 0.005223617464 0.005223617464 0.005718642100 0.006640509265
0.030649913628 0.030649913628 0.055803216795 0.055803216795 0.055803216795 0.051189766367 0.051189766367 0.046666447926 0.046666447926 0.042783599630 0.042783599630 0.042783599630 0.039174995858 0.034281980414 0.034281980414 0.034281980414 0.034281980414 0.009341965921 0.009341965921 0.009341965921 0.008337405175 0.008337405175 0.002520028560 0.002520028560 0.002220684221 0.002220684221 0.002220684221 0.001514576701 0.001401366666 0.001401366666 0.001401366666 0.001221668668 0.001694440879 0.001694440879 0.001694440879 0.001504997862 0.001504997862 0.000945530444 0.000945530444 0.000881029856 0.000881029856 0.000881029856 0.001941158399 0.001941158399 0.001941158399 0.001941158399 0.001864299722 0.004947488081 0.004947488081 0.004947488081 0.005223617464 0.005223617464 0.005718642100 0.006640509265
0.030649913628 0.030649913628 0.055803216795 0.055803216795 0.055803216795 0.051189766367 0.051189766367 0.046666447926 0.046666447926 0.042783599630 0.042783599630 0.042783599630 0.039174995858 0.034281980414 0.034281980414 0.034281980414 0.034281980414 0.009341965921 0.009341965921 0.009341965921 0.008337405175 0.008337405175 0.002520028560 0.002520028560 0.002220684221 0.002220684221 0.002220684221 0.001514576701 0.001401366666 0.001401366666 0.001401366666 0.001221668668 0.001694440879 0.001694440879 0.001694440879 0.001504997862 0.001504997862 0.000945530444 0.000945530444 0.000881029856 0.000881029856 0.000881029856 0.001941158399 0.001941158399 0.001941158399 0.001941158399 0.001864299722 0.004947488081 0.004947488081 0.004947488081 0.005223617464 0.005223617464 0.005718642100 0.006640509265
0.044689883911 0.044689883911 0.027841194672 0.027841194672 0.027841194672 0.026155136771 0.026155136771 0.031186399817 0.031186399817 0.027811879813 0.027811879813 0.027811879813 0.032101875877 0.028593283872 0.028593283872 0.028593283872 0.028593283872 0.009035671648 0.009035671648 0.009035671648 0.007909818408 0.007909818408 0.003620086932 0.003620086932 0.003240038663 0.003240038663 0.003240038663 0.001396234381 0.001280535574 0.001280535574 0.001280535574 0.001108483955 0.001094372459 0.001094372459 0.001094372459 0.000981996502 0.000981996502 0.000981996502 0.000981996502 0.000900614800 0.000900614800 0.000900614800 0.000815341195 0.000815341195 0.000815341195 0.000815341195 0.000760114270 0.001708202091 0.001708202091 0.001708202091 0.001665268085 0.001665268085 0.004676637871 0.004237139232
0.044689883911 0.044689883911 0.027841194672 0.027841194672 0.027841194672 0.026155136771 0.026155136771 0.031186399817 0.031186399817 0.027811879813 0.027811879813 0.027811879813 0.032101875877 0.028593283872 0.028593283872 0.028593283872 0.028593283872 0.009035671648 0.009035671648 0.009035671648 0.007909818408 0.007909818408 0.003620086932 0.003620086932 0.003240038663 0.003240038663 0.003240038663 0.001396234381 0.001280535574 0.001280535574 0.001280535574 0.001108483955 0.001094372459 0.001094372459 0.001094372459 0.000981996502 0.000981996502 0.000981996502 0.000981996502 0.000900614800 0.000900614800 0.000900614800 0.000815341195 0.000815341195 0.000815341195 0.000815341195 0.000760114270 0.001708202091 0.001708202091 0.001708202091 0.001665268085 0.001665268085 0.004676637871 0.004237139232
0.044689883911 0.044689883911 0.027841194672 0.027841194672 0.027841194672 0.026155136771 0.026155136771 0.031186399817 0.031186399817 0.027811879813 0.027811879813 0.027811879813 0.032101875877 0.028593283872 0.028593283872 0.028593283872 0.028593283872 0.009035671648 0.009035671648 0.009035671648 0.007909818408 0.007909818408 0.003620086932 0.003620086932 0.003240038663 0.003240038663 0.003240038663 0.001396234381 0.001280535574 0.001280535574 0.001280535574 0.001108483955 0.001094372459 0.001094372459 0.001094372459 0.000981996502 0.000981996502 0.000981996502 0.000981996502 0.000900614800 0.000900614800 0.000900614800 0.000815341195 0.000815341195 0.000815341195 0.000815341195 0.000760114270 0.001708202091 0.001708202091 0.001708202091 0.001665268085 0.001665268085 0.004676637871 0.004237139232
0.046871711050 0.046871711050 0.028285030276 0.028285030276 0.028285030276 0.027341572975 0.027341572975 0.032601061654 0.032601061654 0.028979261647 0.028979261647 0.028979261647 0.033449326930 0.028833755704 0.028833755704 0.028833755704 0.028833755704 0.009487934183 0.009487934183 0.009487934183 0.008123554748 0.008123554748 0.003717907652 0.003717907652 0.003222048444 0.003222048444 0.003222048444 0.001388481831 0.001332704511 0.001332704511 0.001332704511 0.001117983380 0.001103750952 0.001103750952 0.001103750952 0.000996043116 0.000996043116 0.000996043116 0.000996043116 0.000946111177 0.000946111177 0.000946111177 0.000806437956 0.000806437956 0.000806437956 0.000806437956 0.000750136715 0.001685779567 0.001685779567 0.001685779567 0.001640414466 0.001640414466 0.004606840475 0.003666828830
0.046871711050 0.046871711050 0.028285030276 0.028285030276 0.028285030276 0.027341572975 0.027341572975 0.032601061654 0.032601061654 0.028979261647 0.028979261647 0.028979261647 0.033449326930 0.028833755704 0.028833755704 0.028833755704 0.028833755704 0.009487934183 0.009487934183 0.009487934183 0.008123554748 0.008123554748 0.003717907652 0.003717907652 0.003222048444 0.003222048444 0.003222048444 0.001388481831 0.001332704511 0.001332704511 0.001332704511 0.001117983380 0.001103750952 0.001103750952 0.001103750952 0.000996043116 0.000996043116 0.000996043116 0.000996043116 0.000946111177 0.000946111177 0.000946111177 0.000806437956 0.000806437956 0.000806437956 0.000806437956 0.000750136715 0.001685779567 0.001685779567 0.001685779567 0.001640414466 0.001640414466 0.004606840475 0.003666828830
0.111459176350 0.111459176350 0.022845163634 0.022845163634 0.022845163634 0.022083155030 0.022083155030 0.024519703008 0.024519703008 0.021795697837 0.021795697837 0.021795697837 0.015356435755 0.013237447736 0.013237447736 0.013237447736 0.013237447736 0.009487857469 0.009487857469 0.009487857469 0.008123489065 0.008123489065 0.004643250564 0.004643250564 0.004023977908 0.004023977908 0.004023977908 0.001826421784 0.001753051785 0.001753051785 0.001753051785 0.001470605631 0.001103742222 0.001103742222 0.001103742222 0.000996035238 0.000996035238 0.000996035238 0.000996035238 0.000946103693 0.000946103693 0.000946103693 0.000803686108 0.000803686108 0.000803686108 0.000803686108 0.000747576986 0.000747576986 0.000747576986 0.000747576986 0.000727459346 0.000727459346 0.002601453863 0.002070635195
0.111459176350 0.111459176350 0.022845163634 0.022845163634 0.022845163634 0.022083155030 0.022083155030 0.024519703008 0.024519703008 0.021795697837 0.021795697837 0.021795697837 0.015356435755 0.013237447736 0.013237447736 0.013237447736 0.013237447736 0.009487857469 0.009487857469 0.009487857469 0.008123489065 0.008123489065 0.004643250564 0.004643250564 0.004023977908 0.004023977908 0.004023977908 0.001826421784 0.001753051785 0.001753051785 0.001753051785 0.001470605631 0.001103742222 0.001103742222 0.001103742222 0.000996035238 0.000996035238 0.000996035238 0.000996035238 0.000946103693 0.000946103693 0.000946103693 0.000803686108 0.000803686108 0.000803686108 0.000803686108 0.000747576986 0.000747576986 0.000747576986 0.000747576986 0.000727459346 0.000727459346 0.002601453863 0.002070635195
0.114672967680 0.114672967680 0.024487839752 0.024487839752 0.024487839752 0.022581518394 0.022581518394 0.025073053364 0.025073053364 0.022722219342 0.022722219342 0.022722219342 0.016009228249 0.014062488770 0.014062488770 0.014062488770 0.014062488770 0.009328764035 0.009328764035 0.009328764035 0.008323031624 0.008323031624 0.004757305755 0.004757305755 0.004216346184 0.004216346184 0.004216346184 0.001913734790 0.001713354415 0.001713354415 0.001713354415 0.001533175920 0.001150703466 0.001150703466 0.001150703466 0.001020746062 0.001020746062 0.001020746062 0.001020746062 0.000939992366 0.000939992366 0.000939992366 0.000851946746 0.000851946746 0.000851946746 0.000851946746 0.000801870699 0.000801870699 0.000801870699 0.000801870699 0.000761979916 0.000761979916 0.002724902231 0.002571173157
0.114672967680 0.114672967680 0.024487839752 0.024487839752 0.024487839752 0.022581518394 0.022581518394 0.025073053364 0.025073053364 0.022722219342 0.022722219342 0.022722219342 0.016009228249 0.014062488770 0.014062488770 0.014062488770 0.014062488770 0.009328764035 0.009328764035 0.009328764035 0.008323031624 0.008323031624 0.004757305755 0.004757305755 0.004216346184 0.004216346184 0.004216346184 0.001913734790 0.001713354415 0.001713354415 0.001713354415 0.001533175920 0.001150703466 0.001150703466 0.001150703466 0.001020746062 0.001020746062 0.001020746062 0.001020746062 0.000939992366 0.000939992366 0.000939992366 0.000851946746 0.000851946746 0.000851946746 0.000851946746 0.000801870699 0.000801870699 0.000801870699 0.000801870699 0.000761979916 0.000761979916 0.002724902231 0.002571173157
0.114672967680 0.114672967680 0.024487839752 0.024487839752 0.024487839752 0.022581518394 0.022581518394 0.025073053364 0.025073053364 0.022722219342 0.022722219342 0.022722219342 0.016009228249 0.014062488770 0.014062488770 0.014062488770 0.014062488770 0.009328764035 0.009328764035 0.009328764035 0.008323031624 0.008323031624 0.004757305755 0.004757305755 0.004216346184 0.004216346184 0.004216346184 0.001913734790 0.001713354415 0.001713354415 0.001713354415 0.001533175920 0.001150703466 0.001150703466 0.001150703466 0.001020746062 0.001020746062 0.001020746062 0.001020746062 0.000939992366 0.000939992366 0.000939992366 0.000851946746 0.000851946746 0.000851946746 0.000851946746 0.000801870699 0.000801870699 0.000801870699 0.000801870699 0.000761979916 0.000761979916 0.002724902231 0.002571173157
