examples/build_demonstration_server/impact_modelling_data/impact/Earthquake_Fatalities_Lembang.asc
ncols         598
nrows         336
xllcorner     105.300000000000
yllcorner     -8.375000000000
cellsize      0.008333333333
NODATA_value  -9999
[rows 115 to 137 of 336, columns 159 to 211 of 598]
0.019668226733 0.021403988902 0.023778758901 0.026579914387 0.039052004634 0.043966865738 0.050227681076 0.057388191340 0.064690687178 0.189291267769 0.198236071010 0.201858504963 0.205614427112 0.214072425189 0.313447976647 0.341245454751 0.370510735805 0.396821830836 0.419211802782 0.702242045107 0.733901286822 0.766904962044 0.801653472151 0.838254371978 0.606112270408 0.621430553962 0.610261100657 0.562675439824 0.494250325146 0.257005238108 0.233438380042 0.223971438916 0.227156446104 0.241277611863 0.115837269222 0.128892475459 0.140513200111 0.148449349431 0.150121819904 0.063628939009 0.062756384174 0.063875883089 0.067258146109 0.073362665731 0.163371999611 0.178991954536 0.191323304182 0.200937868159 0.209152252974 0.187350145662 0.196087820305 0.204262944618 0.211762752152
0.021225866887 0.023297545843 0.025883734776 0.028520959779 0.040752908634 0.044427025971 0.049479794893 0.056075333377 0.063720767561 0.190096864369 0.204526355093 0.214880712959 0.224990675792 0.236571038051 0.342496179306 0.363802998610 0.385571496573 0.406390511731 0.426190983943 0.712483624501 0.744602995218 0.778312693485 0.813824423207 0.851098448551 0.614433071353 0.626751362185 0.609311994546 0.555173723909 0.483060231133 0.250315807877 0.227618607977 0.219229149589 0.223794213297 0.240368744791 0.117164881271 0.132434000550 0.145856651752 0.154655741902 0.156040347882 0.065934196222 0.064890840370 0.065999611596 0.069424482594 0.075566776570 0.167918734428 0.183631481303 0.195791121585 0.204390475667 0.210693180548 0.187055368397 0.195556378240 0.205299756593 0.215434080128
0.067929652511 0.073760521083 0.080570967707 0.086817265273 0.080929725188 0.085352117679 0.092055692834 0.102456616495 0.116568965901 0.189859473197 0.210377460250 0.228172817644 0.245304806513 0.261040151203 0.844702419992 0.886900720313 0.929160289366 0.972103581596 1.016049653961 1.219614774393 1.274211609324 1.331929116472 1.393210067602 1.457506942531 0.290808350304 0.295380175643 0.285599145539 0.260002308885 0.226850306241 0.076750238615 0.070174187609 0.067960389458 0.069533725432 0.074540069814 0.062795073213 0.070318563680 0.076943858094 0.081477499328 0.082763372513 0.085847189454 0.085615256954 0.087692479548 0.092221041218 0.099774422225 0.090756149938 0.098881115767 0.105276869973 0.109713739220 0.112795727428 0.096539232100 0.101004689594 0.106536496942 0.112643145053
0.075028069035 0.079665846472 0.084597723414 0.088755820475 0.080693639552 0.082734604039 0.086308270258 0.093608793075 0.105859669754 0.175401786046 0.200314440704 0.224040771963 0.246400181780 0.265287260940 0.860941585142 0.902522098293 0.943436622453 0.985637480008 1.028692207960 1.231858722772 1.282633051807 1.337803677391 1.399907388906 1.468128891761 0.292889776149 0.296605858299 0.285655671197 0.260788662747 0.229239985750 0.078461823444 0.072419804455 0.070758151184 0.072527955237 0.077137419776 0.063791287415 0.069868528406 0.075259026215 0.079228521568 0.081079634808 0.085244774559 0.086315434064 0.089142019263 0.093919990358 0.101533857268 0.092500614404 0.101263623502 0.108252632097 0.112935176934 0.115891869484 0.098998871108 0.103545419095 0.109392467463 0.116150590527
0.080862208827 0.084030140310 0.086594290215 0.088610199903 0.079262769425 0.080001829441 0.081376457925 0.085823262058 0.095480171650 0.159132141568 0.185746443988 0.213308676006 0.239599960853 0.261893791690 0.858888421642 0.907115797055 0.952363785468 0.996498864045 1.037717621331 1.234205242357 1.271251755768 1.314373988958 1.372478493888 1.447067101538 0.290600308015 0.295791231397 0.285960185429 0.262796030019 0.232873033242 0.080385262708 0.074632303636 0.073212911444 0.074888057617 0.078840938230 0.064022354170 0.068707989223 0.073044745403 0.076575503898 0.078791473200 0.083389595723 0.084917580149 0.087822217035 0.092417369243 0.099903116797 0.091372487227 0.101039423286 0.109267959780 0.115075052330 0.118667234268 0.101571580122 0.106331329375 0.112466633852 0.119841837920
0.081552472885 0.084300512610 0.085502700212 0.086068351917 0.076238511897 0.076508526865 0.076915466886 0.079532604668 0.086683189256 0.143155921575 0.167705139250 0.195095153890 0.222527639372 0.247774890213 0.828835167567 0.891218494279 0.946729391711 0.995570824078 1.034888567442 1.218288658628 1.231546454239 1.249062450254 1.290816003732 1.365582214078 0.277832986913 0.287969326646 0.284145860052 0.266042624041 0.238888218543 0.082837392940 0.076733081214 0.074721054590 0.075610749789 0.078680689505 0.063202657111 0.067209895808 0.070954109542 0.073970007917 0.075944261149 0.080313140560 0.081772681344 0.084313751245 0.088030083368 0.094393585642 0.086181990558 0.096425433890 0.106535859991 0.114805289389 0.120372521384 0.103901365549 0.109104158820 0.115449091261 0.123040932882
0.076489933971 0.079405496811 0.080337045826 0.080418385192 0.071048062294 0.071578092982 0.072255392642 0.074316924563 0.079527244911 0.128291672764 0.147446651082 0.170208314996 0.194985826224 0.220933716829 0.758306956978 0.837041383898 0.906845104600 0.965064193718 1.008391031306 1.180942270704 1.171288727204 1.155016575310 1.165104202170 1.221871308471 0.251359683556 0.268017599292 0.275311705624 0.267678640180 0.246421784816 0.085858402918 0.078759509331 0.075182639094 0.074380048743 0.076025031280 0.060517944480 0.064178831524 0.067526768992 0.069932011859 0.071366157335 0.075358001207 0.076912224255 0.079282917082 0.082053431003 0.086739455025 0.078492931763 0.088555282102 0.100463788014 0.111995101232 0.120798329483 0.105896914124 0.111771122082 0.118080010455 0.125124156229
0.098238662575 0.102557906990 0.104675466637 0.105617127073 0.171082360167 0.174114334616 0.177969600786 0.183915408876 0.194391052814 0.229052385713 0.254604857501 0.286213789359 0.323724465883 0.368169626608 0.881597763712 0.993654379705 1.097706254939 1.188305396505 1.261915765243 1.142295396865 1.126100740116 1.083199444281 1.057816008668 1.082934127486 0.162545554099 0.177300686402 0.190156417258 0.193738119151 0.184972724262 0.092318299239 0.084498972036 0.079300335368 0.076519653741 0.076303697245 0.044609595760 0.046832669978 0.048858659594 0.050208969771 0.051120712766 0.070935216695 0.073419049428 0.076468601979 0.079140516662 0.082945249573 0.073566909274 0.083515666263 0.096916696536 0.111356281978 0.123281502079 0.079669245712 0.084239833924 0.088299259475 0.092139403110
0.090361630426 0.094061972910 0.096809133614 0.099030316631 0.162496910930 0.167336187028 0.173036102719 0.179847825634 0.188638153676 0.217181125896 0.233692221604 0.254344616001 0.280503858333 0.314199466630 0.748109621050 0.845003168562 0.941996325052 1.036553552022 1.126518193836 1.044313811844 1.044223327957 0.999637037125 0.955103420733 0.950610357980 0.140146816118 0.153056704153 0.167961683830 0.177280772822 0.175808279621 0.090412607584 0.084235081519 0.079173192524 0.075290426050 0.073012086727 0.041370157678 0.042343986312 0.043588604843 0.044714225523 0.045863026233 0.064522334735 0.067978229633 0.072026969065 0.075620243207 0.079764529992 0.070904851442 0.080634945790 0.094550957034 0.110466566121 0.124319373392 0.080886682414 0.085074703380 0.087655911140 0.089259872992
0.087209126780 0.090025773924 0.093004897940 0.096210244508 0.159617031256 0.165697777526 0.172380606093 0.179650351089 0.187687092896 0.213333921412 0.224909223476 0.238816082293 0.256499588661 0.279710115833 0.649586223457 0.720219431982 0.796402012305 0.880076018518 0.971637587780 0.924827154702 0.954463028097 0.937282657537 0.901466792802 0.883502484660 0.126819927271 0.135267408950 0.147195278073 0.157041283410 0.160288415550 0.085637455904 0.082768414324 0.079699102118 0.076114889289 0.072287317622 0.039437966576 0.038883002168 0.039349513387 0.040573854213 0.042319578473 0.060425443687 0.064441147605 0.069104114258 0.073741212406 0.078728036338 0.070388991718 0.079862437969 0.093718887315 0.110088010766 0.124829629182 0.081131664146 0.084245871768 0.084714171964 0.083958967761
0.087507605255 0.089458034338 0.092282040939 0.095896545488 0.159908420656 0.166546676611 0.173569275371 0.180975085196 0.188795213060 0.213631257348 0.223378516431 0.234265895925 0.247163806678 0.263112389517 0.593993717908 0.641589814659 0.696234982889 0.762021326301 0.841046940273 0.813117476586 0.869443636030 0.894324510952 0.889649968460 0.875086932683 0.122593344015 0.126212260755 0.133558397934 0.141388820819 0.146710631130 0.081101229565 0.081542017711 0.081153300106 0.078864071930 0.074301260400 0.039343747022 0.037511174720 0.037536182058 0.039221170085 0.041819376394 0.060249043593 0.064034618204 0.068138252568 0.072613610667 0.077461924039 0.069021204087 0.077660116698 0.090867433579 0.107243016489 0.122778362476 0.079894471064 0.082128433324 0.080929697707 0.078692641709
0.088523313793 0.090127624016 0.092830655227 0.096522491605 0.161112394615 0.167902439086 0.175032002794 0.182522090512 0.190391957264 0.215306961432 0.224762991063 0.234841983386 0.245865857506 0.258255048595 0.572354613435 0.605897698994 0.644905767098 0.693206596778 0.754449705405 0.729957180516 0.800265096711 0.859377621676 0.888253991365 0.886078819844 0.122596884893 0.122980954745 0.126976986575 0.132993539401 0.139073180551 0.078615003978 0.081285448772 0.083149923596 0.082611228500 0.078460334122 0.041102268879 0.038382666953 0.038039803960 0.040130286863 0.043612344969 0.063244457465 0.066415645190 0.069005128777 0.071941033260 0.075472837838 0.066297936123 0.073561007258 0.085459265846 0.101320244699 0.117722826841 0.077534681530 0.080108763507 0.078781164485 0.076502526550
0.085036326570 0.086521891193 0.088975899457 0.092401978516 0.085600981715 0.089221212749 0.093022906198 0.097017718672 0.101217429247 0.087046959620 0.090874042914 0.094903390158 0.099163999375 0.103699936657 0.233441303859 0.244824639343 0.257568272638 0.272701091307 0.291935546070 0.211775572493 0.233255739512 0.255228326616 0.269888847056 0.273492676369 0.274604631120 0.274277585507 0.280936095920 0.293027056167 0.307441258559 0.213982470725 0.224154214269 0.232943359236 0.236025322631 0.228522911158 0.128348720563 0.119129369223 0.116662364327 0.122500487067 0.134021052876 0.062632066496 0.065461385480 0.066829222491 0.068127549365 0.070015188455 0.049745476985 0.053868444947 0.061296795073 0.072344805568 0.085507665319 0.099516408136 0.105767876441 0.106104332114 0.104197905442
0.086098841679 0.087631086150 0.089890394202 0.093124978050 0.086244653735 0.089904320084 0.093748858731 0.097788235573 0.102020536400 0.087707602903 0.091485406633 0.095424909796 0.099573137882 0.103992318183 0.233799675818 0.244786143633 0.256689187421 0.269936022585 0.285906478665 0.204625679044 0.222685990930 0.242063342626 0.256792346733 0.263621013188 0.269329630208 0.272829371625 0.281275895255 0.293988129012 0.308934696119 0.215694383628 0.226862261628 0.237601513236 0.244684002526 0.242885385436 0.139436307096 0.129878899433 0.124706558420 0.127234874243 0.136558852751 0.063734210335 0.067240617109 0.069430374622 0.071300700921 0.073259095399 0.051263497395 0.053743256978 0.058864946671 0.067913906285 0.080851940357 0.097248945756 0.107643363767 0.111838722060 0.112257516581
0.087758573588 0.089049789922 0.090890677573 0.093839881177 0.086866957247 0.090565720640 0.094447331937 0.098489618117 0.102595103849 0.087867717809 0.091076271341 0.094299543789 0.097782072836 0.101777792623 0.228857365767 0.240454309209 0.253598238734 0.268044956456 0.283974300694 0.201477280506 0.215671025535 0.230591964021 0.243414375872 0.252668532303 0.263533896402 0.271983434620 0.283260609112 0.297057084563 0.312364777762 0.218197500653 0.229677703936 0.241418462893 0.251518448211 0.255560880139 0.150824913892 0.142462907789 0.134607697656 0.131799994767 0.135498788192 0.062081023022 0.066420415938 0.071084796013 0.075768110489 0.079373684044 0.055165502097 0.055981718591 0.058727204704 0.065434562581 0.077188051083 0.094643169257 0.108346912176 0.116617988292 0.120128988351
0.088619688817 0.089925883662 0.091640467817 0.094497982189 0.087466706351 0.091180959775 0.095011969521 0.098804506495 0.102228868107 0.086473396323 0.088091144810 0.089562506508 0.091550313911 0.094598505868 0.212814178205 0.225476951645 0.241518724110 0.260164625702 0.279891719854 0.199510780454 0.212114978460 0.224325668338 0.235820839449 0.246565761870 0.260889127478 0.272792016914 0.286220641361 0.300865302523 0.316379729063 0.220875164670 0.232446265117 0.244703372477 0.256773458905 0.265625527844 0.161156083479 0.155994280935 0.147474980903 0.139885850086 0.136707205542 0.060252791293 0.064240045268 0.070978341646 0.079179820618 0.085535030282 0.059683906337 0.059348132484 0.060361745048 0.065098670687 0.074868064130 0.090853072742 0.104748760431 0.115517309251 0.122953595806
0.088214876053 0.090006628656 0.092062477633 0.095085704231 0.087991211574 0.091546388318 0.094912518866 0.097694970657 0.099358198163 0.082010976754 0.081184632211 0.080358533109 0.080581138349 0.082506825860 0.185794012507 0.199193329820 0.218436914285 0.242955066317 0.269770903210 0.196488577561 0.210654896877 0.222844459467 0.234320120183 0.246006437511 0.262295284582 0.276444075184 0.291878914204 0.307419224454 0.322718092312 0.224388126026 0.235447339796 0.247653584620 0.260701711496 0.272749185339 0.169347743809 0.169024869156 0.163279180576 0.154255726761 0.145970748900 0.061701526087 0.064081156491 0.070911480910 0.080793850575 0.089036864477 0.062696612052 0.062278166347 0.062957917104 0.066811058083 0.074639680178 0.087606356133 0.098876863802 0.109320899268 0.119127374498
0.024494568593 0.025295153704 0.026088980816 0.027019460803 0.054267194445 0.056037576613 0.057283516297 0.057691788150 0.057061753093 0.028628350928 0.027569081169 0.026728216527 0.026475267081 0.026968980889 0.048913097460 0.052907956264 0.059244334171 0.068153096467 0.078723625739 0.159495518162 0.174965934387 0.187373158482 0.198276385369 0.208897427575 0.249879474945 0.264557160294 0.280943225940 0.296340653837 0.309876242990 0.164750301942 0.171838822482 0.180265850486 0.189943052179 0.199876590352 0.194880644842 0.199918965532 0.199449028395 0.192676958760 0.182012900882 0.112135964358 0.112036805305 0.120194188544 0.135346039575 0.149799631374 0.072092797263 0.072554365296 0.074268527492 0.079138397977 0.087131106413 0.410339156674 0.447501190110 0.485307586279 0.529468030629
0.024023193612 0.025024506958 0.025882195904 0.026712727909 0.053142088198 0.054051788633 0.054042191233 0.052952952300 0.050939951753 0.025023753925 0.023860201577 0.023136839158 0.023011203181 0.023481904525 0.042494046728 0.045891047815 0.051713853202 0.060707383739 0.072456068683 0.152375356165 0.172797869286 0.189767940244 0.204264434695 0.216953236597 0.259963867892 0.274946985437 0.292210606499 0.307732034548 0.319904355432 0.168383277268 0.174319950320 0.182233017706 0.192013152481 0.202539478443 0.199046830684 0.207893898399 0.213467914572 0.213181295854 0.206079154816 0.126688029454 0.122588131012 0.125366181198 0.135805347043 0.148313725910 0.072082618168 0.074028033670 0.077448084910 0.084057222091 0.093266955894 0.435442890016 0.464138834963 0.489518387406 0.521061752561
0.023654758754 0.024519473683 0.025064747000 0.025480207183 0.049838864213 0.049854167712 0.049032839454 0.047378676771 0.045157355407 0.022186242502 0.021408621128 0.021192998038 0.021474127646 0.022057909519 0.039609113017 0.042111889950 0.046820897514 0.054879834674 0.066528536828 0.144195845021 0.169738697402 0.193260646729 0.214037640646 0.230380719578 0.275203576805 0.287088355482 0.301189163749 0.314621264561 0.325619426611 0.170725730115 0.176275211685 0.184063868467 0.193959274816 0.204749051541 0.201806574543 0.212566004271 0.222206890599 0.228202987222 0.227270666910 0.141662579093 0.134701554177 0.131850137956 0.136743855522 0.146767650645 0.072007399143 0.075501421492 0.080542808595 0.089247971084 0.101132936026 0.479225781193 0.510412131809 0.529108496604 0.546936475176
0.023325610548 0.023498039933 0.023294042574 0.023087963021 0.044433031430 0.044290997655 0.043952069681 0.043243516407 0.042021470830 0.021010427722 0.020643940132 0.020873416389 0.021530044062 0.022209394523 0.039393398391 0.040938374117 0.044486170682 0.051409607462 0.062407651765 0.137719199452 0.167134583672 0.196994149998 0.224744376831 0.245340289072 0.291217024621 0.297388935031 0.305109750492 0.314954635146 0.325551510369 0.171398401076 0.177578286960 0.185750503301 0.195821403744 0.206766298453 0.203891212477 0.215104136877 0.226095080999 0.235141616799 0.238636546462 0.150821135656 0.142597168909 0.135840362832 0.136746927415 0.145554048802 0.072580059931 0.078133356322 0.084947056758 0.095395539458 0.109490362467 0.527147542861 0.568203268116 0.590292567762 0.603566907881
0.022838024804 0.021943463189 0.020929070031 0.020313922395 0.039091433300 0.039789884425 0.041013402562 0.042172013087 0.042476398673 0.021618411863 0.021327840242 0.021571563463 0.022293562062 0.022949230437 0.040305688073 0.041206693406 0.044094399343 0.050451624416 0.061137049748 0.135729829641 0.166753305111 0.199466228414 0.230523455479 0.253005325078 0.298377081046 0.299806282620 0.302178622993 0.309505865625 0.321012982893 0.170764269473 0.178343573501 0.187292042695 0.197566950237 0.208507004123 0.205142837056 0.215258131059 0.224489293285 0.231907651268 0.235151930081 0.149175977298 0.141363148569 0.134187831650 0.134617573423 0.144725117316 0.074111071307 0.082571919764 0.091813078572 0.103689202835 0.118322299680 0.568344908729 0.616269604038 0.648062040321 0.670690405911
0.012598718181 0.011569643101 0.010747944788 0.010421957705 0.014959860090 0.015870846607 0.017170016453 0.018407674336 0.019020644118 0.005148534501 0.004992992726 0.004924069919 0.004993227742 0.005095251312 0.064039901722 0.065706793955 0.070774009966 0.081512996733 0.099032272411 0.117850733515 0.143242290804 0.168968688060 0.192766273472 0.210013834596 0.164257577762 0.165256180661 0.166607141026 0.171005754139 0.178303900915 0.102257262507 0.107428855542 0.113094404711 0.119209122303 0.125383084750 0.102340448359 0.105680840828 0.107757125747 0.108710692053 0.108508649904 0.122052731842 0.117283363169 0.113607827929 0.116165965273 0.127345559220 0.190195549717 0.219953737783 0.251728148044 0.285696110471 0.320736513053 1.182176307131 1.274922418218 1.354682095881 1.433035626035
