examples/build_demonstration_server/impact_modelling_data/impact/Earthquake_Fatalities_Padang_2009.asc
ncols         625
nrows         197
xllcorner     98.110656731471
yllcorner     -1.946949662470
cellsize      0.008333333333
NODATA_value  -9999
[rows 120 to 143 of 197, columns 270 to 323 of 625]
-9999 -9999 -9999 -9999 -9999 -9999 -9999 -9999 -9999 -9999 -9999 -9999 -9999 -9999 -9999 -9999 -9999 -9999 0.187321053084 0.125850174962 -9999 0.215593803270 0.215593803270 0.224093793108 0.224093793108 0.224093793108 0.200445822745 0.200445822745 0.200445822745 0.200445822745 0.179742387252 0.114391582946 0.114391582946 0.114391582946 0.110650201257 0.110650201257 0.072320075107 0.066357441683 0.066357441683 0.066357441683 0.066357441683 0.023268486713 0.023268486713 0.023268486713 0.023268486713 0.020022002891 0.003597815755 0.003597815755 0.003282127065 0.003282127065 0.003282127065 0.010200669870 0.009652581479 0.009652581479
-9999 -9999 -9999 -9999 -9999 -9999 -9999 -9999 -9999 -9999 -9999 -9999 -9999 -9999 -9999 -9999 -9999 -9999 -9999 -9999 -9999 -9999 0.270171705039 0.239731022417 0.239731022417 0.239731022417 0.215066709124 0.215066709124 0.215066709124 0.215066709124 0.181374288697 0.115430157054 0.115430157054 0.115430157054 0.106249540459 0.106249540459 0.069443838861 0.063736546574 0.063736546574 0.063736546574 0.063736546574 0.021457203919 0.021457203919 0.021457203919 0.021457203919 0.019068284715 0.003426439180 0.003426439180 0.003137294751 0.003137294751 0.003137294751 0.009750539028 0.008941260796 0.008941260796
-9999 -9999 -9999 -9999 -9999 -9999 -9999 -9999 -9999 -9999 -9999 -9999 -9999 0.085696717280 -9999 -9999 -9999 -9999 -9999 -9999 -9999 -9999 -9999 0.239731022417 0.239731022417 0.239731022417 0.215066709124 0.215066709124 0.215066709124 0.215066709124 0.181374288697 0.115430157054 0.115430157054 0.115430157054 0.106249540459 0.106249540459 0.069443838861 0.063736546574 0.063736546574 0.063736546574 0.063736546574 0.021457203919 0.021457203919 0.021457203919 0.021457203919 0.019068284715 0.003426439180 0.003426439180 0.003137294751 0.003137294751 0.003137294751 0.009750539028 0.008941260796 0.008941260796
-9999 -9999 -9999 -9999 -9999 -9999 -9999 -9999 -9999 -9999 -9999 -9999 -9999 -9999 -9999 -9999 -9999 -9999 -9999 -9999 -9999 -9999 -9999 -9999 0.239731022417 0.239731022417 0.215066709124 0.215066709124 0.215066709124 0.215066709124 0.181374288697 0.115430157054 0.115430157054 0.115430157054 0.106249540459 0.106249540459 0.069443838861 0.063736546574 0.063736546574 0.063736546574 0.063736546574 0.021457203919 0.021457203919 0.021457203919 0.021457203919 0.019068284715 0.003426439180 0.003426439180 0.003137294751 0.003137294751 0.003137294751 0.009750539028 0.008941260796 0.008941260796
-9999 -9999 -9999 -9999 -9999 -9999 -9999 -9999 -9999 -9999 -9999 -9999 -9999 -9999 -9999 -9999 -9999 -9999 -9999 -9999 -9999 -9999 -9999 -9999 0.066163604337 0.066163604337 0.161739770209 0.161739770209 0.161739770209 0.161739770209 0.136308067290 0.254622425921 0.254622425921 0.254622425921 0.232622855048 0.232622855048 0.084780814747 0.074477191645 0.074477191645 0.074477191645 0.074477191645 0.007666964699 0.007666964699 0.007666964699 0.007666964699 0.006974222454 0.002348580405 0.002348580405 0.002105297699 0.002105297699 0.002105297699 0.002105297699 0.001974427440 0.001974427440
-9999 -9999 -9999 -9999 -9999 -9999 -9999 -9999 -9999 -9999 -9999 -9999 -9999 -9999 -9999 -9999 -9999 -9999 -9999 -9999 -9999 -9999 -9999 -9999 0.066163604337 0.066163604337 0.161739770209 0.161739770209 0.161739770209 0.161739770209 0.136308067290 0.254622425921 0.254622425921 0.254622425921 0.232622855048 0.232622855048 0.084780814747 0.074477191645 0.074477191645 0.074477191645 0.074477191645 0.007666964699 0.007666964699 0.007666964699 0.007666964699 0.006974222454 0.002348580405 0.002348580405 0.002105297699 0.002105297699 0.002105297699 0.002105297699 0.001974427440 0.001974427440
-9999 -9999 -9999 -9999 -9999 -9999 -9999 -9999 -9999 -9999 -9999 -9999 -9999 -9999 -9999 -9999 -9999 -9999 -9999 -9999 -9999 -9999 -9999 -9999 -9999 0.066163604337 0.161739770209 0.161739770209 0.161739770209 0.161739770209 0.136308067290 0.254622425921 0.254622425921 0.254622425921 0.232622855048 0.232622855048 0.084780814747 0.074477191645 0.074477191645 0.074477191645 0.074477191645 0.007666964699 0.007666964699 0.007666964699 0.007666964699 0.006974222454 0.002348580405 0.002348580405 0.002105297699 0.002105297699 0.002105297699 0.002105297699 0.001974427440 0.001974427440
-9999 -9999 -9999 -9999 -9999 -9999 -9999 -9999 -9999 -9999 -9999 -9999 -9999 -9999 -9999 -9999 -9999 -9999 -9999 -9999 -9999 -9999 -9999 0.066163604337 0.066163604337 0.066163604337 0.161739770209 0.161739770209 0.161739770209 0.161739770209 0.136308067290 0.254622425921 0.254622425921 0.254622425921 0.232622855048 0.232622855048 0.084780814747 0.074477191645 0.074477191645 0.074477191645 0.074477191645 0.007666964699 0.007666964699 0.007666964699 0.007666964699 0.006974222454 0.002348580405 0.002348580405 0.002105297699 0.002105297699 0.002105297699 0.002105297699 0.001974427440 0.001974427440
-9999 -9999 -9999 -9999 -9999 -9999 -9999 -9999 -9999 -9999 -9999 -9999 -9999 -9999 -9999 -9999 -9999 -9999 -9999 -9999 -9999 -9999 -9999 -9999 -9999 0.070975879435 0.155217874168 0.155217874168 0.155217874168 0.155217874168 0.133926559946 0.250173788439 0.250173788439 0.250173788439 0.227484112360 0.227484112360 0.082907968712 0.071646562688 0.071646562688 0.071646562688 0.071646562688 0.007487218796 0.007487218796 0.007487218796 0.007487218796 0.006597777829 0.002221812084 0.002221812084 0.002029617851 0.002029617851 0.002029617851 0.002029617851 0.001910420342 0.001910420342
-9999 -9999 -9999 -9999 -9999 -9999 -9999 -9999 -9999 -9999 -9999 -9999 -9999 -9999 -9999 -9999 -9999 -9999 -9999 -9999 -9999 -9999 -9999 -9999 -9999 -9999 0.058327401907 0.058327401907 0.058327401907 0.058327401907 0.050326602718 0.082080905651 0.082080905651 0.082080905651 0.074636523995 0.074636523995 0.038437200881 0.033216268174 0.033216268174 0.033216268174 0.033216268174 0.002521272546 0.002521272546 0.002521272546 0.002521272546 0.002221759049 0.002221759049 0.002221759049 0.002029569403 0.002029569403 0.002029569403 0.002029569403 0.001910374739 0.001910374739
-9999 -9999 -9999 -9999 -9999 -9999 -9999 -9999 -9999 -9999 -9999 -9999 -9999 -9999 -9999 -9999 -9999 -9999 -9999 -9999 -9999 -9999 -9999 -9999 -9999 -9999 -9999 0.058327401907 0.058327401907 0.058327401907 0.050326602718 0.082080905651 0.082080905651 0.082080905651 0.074636523995 0.074636523995 0.038437200881 0.033216268174 0.033216268174 0.033216268174 0.033216268174 0.002521272546 0.002521272546 0.002521272546 0.002521272546 0.002221759049 0.002221759049 0.002221759049 0.002029569403 0.002029569403 0.002029569403 0.002029569403 0.001910374739 0.001910374739
-9999 -9999 -9999 -9999 -9999 -9999 -9999 -9999 -9999 -9999 -9999 -9999 -9999 -9999 -9999 -9999 -9999 -9999 -9999 -9999 -9999 -9999 -9999 0.007692099377 0.007692099377 0.007692099377 0.058327401907 0.058327401907 0.058327401907 0.058327401907 0.050326602718 0.082080905651 0.082080905651 0.082080905651 0.074636523995 0.074636523995 0.038437200881 0.033216268174 0.033216268174 0.033216268174 0.033216268174 0.002521272546 0.002521272546 0.002521272546 0.002521272546 0.002221759049 0.002221759049 0.002221759049 0.002029569403 0.002029569403 0.002029569403 0.002029569403 0.001910374739 0.001910374739
-9999 -9999 -9999 -9999 -9999 -9999 -9999 -9999 -9999 -9999 -9999 -9999 -9999 -9999 -9999 -9999 -9999 -9999 -9999 -9999 -9999 -9999 -9999 0.006729897497 0.006729897497 0.006729897497 0.062285508720 0.062285508720 0.062285508720 0.062285508720 0.050574587460 0.082485359977 0.082485359977 0.082485359977 0.071742257639 0.071742257639 0.036946677323 0.032421754744 0.032421754744 0.032421754744 0.032421754744 0.002256832378 0.002256832378 0.002256832378 0.002256832378 0.002075129897 0.002075129897 0.002075129897 0.001881029745 0.001881029745 0.001881029745 0.001881029745 0.001725891225 0.001725891225
-9999 -9999 -9999 -9999 -9999 -9999 -9999 -9999 -9999 -9999 -9999 -9999 -9999 -9999 -9999 -9999 -9999 -9999 -9999 -9999 -9999 -9999 -9999 -9999 -9999 -9999 0.062285508720 0.062285508720 0.062285508720 0.062285508720 0.050574587460 0.082485359977 0.082485359977 0.082485359977 0.071742257639 0.071742257639 0.036946677323 0.032421754744 0.032421754744 0.032421754744 0.032421754744 0.002256832378 0.002256832378 0.002256832378 0.002256832378 0.002075129897 0.002075129897 0.002075129897 0.001881029745 0.001881029745 0.001881029745 0.001881029745 0.001725891225 0.001725891225
-9999 -9999 -9999 -9999 -9999 -9999 -9999 -9999 -9999 -9999 -9999 -9999 -9999 -9999 -9999 -9999 -9999 -9999 -9999 -9999 -9999 -9999 -9999 -9999 -9999 -9999 0.155442603035 0.155442603035 0.155442603035 0.155442603035 0.126216285036 0.143572362316 0.143572362316 0.143572362316 0.124873133973 0.124873133973 0.040879459141 0.035872882066 0.035872882066 0.035872882066 0.035872882066 0.002256776703 0.002256776703 0.002256776703 0.002256776703 0.002075078704 0.002075078704 0.002075078704 0.001880983341 0.001880983341 0.001880983341 0.001880983341 0.001725848648 0.001725848648
-9999 -9999 -9999 -9999 -9999 -9999 -9999 -9999 -9999 -9999 -9999 -9999 -9999 -9999 -9999 -9999 -9999 -9999 -9999 -9999 -9999 -9999 -9999 -9999 -9999 0.072691511917 0.133401446889 0.133401446889 0.133401446889 0.133401446889 0.107091810896 0.121818070232 0.121818070232 0.121818070232 0.120963237122 0.120963237122 0.039599484310 0.032202903317 0.032202903317 0.032202903317 0.032202903317 0.002177178872 0.002177178872 0.002177178872 0.002177178872 0.001901298205 0.001901298205 0.001901298205 0.001725128783 0.001725128783 0.001725128783 0.001725128783 0.001644861106 0.001644861106
-9999 -9999 -9999 -9999 -9999 -9999 -9999 -9999 -9999 -9999 -9999 -9999 -9999 -9999 -9999 -9999 -9999 -9999 -9999 -9999 -9999 -9999 -9999 0.072691511917 0.072691511917 0.072691511917 0.133401446889 0.133401446889 0.133401446889 0.133401446889 0.107091810896 0.121818070232 0.121818070232 0.121818070232 0.120963237122 0.120963237122 0.039599484310 0.032202903317 0.032202903317 0.032202903317 0.032202903317 0.002177178872 0.002177178872 0.002177178872 0.002177178872 0.001901298205 0.001901298205 0.001901298205 0.001725128783 0.001725128783 0.001725128783 0.001725128783 0.001644861106 0.001644861106
-9999 -9999 -9999 -9999 -9999 -9999 -9999 -9999 -9999 -9999 -9999 -9999 -9999 -9999 -9999 -9999 -9999 -9999 -9999 -9999 -9999 -9999 -9999 -9999 0.072691511917 0.072691511917 0.133401446889 0.133401446889 0.133401446889 0.133401446889 0.107091810896 0.121818070232 0.121818070232 0.121818070232 0.120963237122 0.120963237122 0.039599484310 0.032202903317 0.032202903317 0.032202903317 0.032202903317 0.002177178872 0.002177178872 0.002177178872 0.002177178872 0.001901298205 0.001901298205 0.001901298205 0.001725128783 0.001725128783 0.001725128783 0.001725128783 0.001644861106 0.001644861106
-9999 -9999 -9999 -9999 -9999 -9999 -9999 -9999 -9999 -9999 -9999 -9999 -9999 -9999 -9999 -9999 -9999 -9999 -9999 -9999 -9999 -9999 -9999 -9999 -9999 0.072691511917 0.133401446889 0.133401446889 0.133401446889 0.133401446889 0.107091810896 0.121818070232 0.121818070232 0.121818070232 0.120963237122 0.120963237122 0.039599484310 0.032202903317 0.032202903317 0.032202903317 0.032202903317 0.002177178872 0.002177178872 0.002177178872 0.002177178872 0.001901298205 0.001901298205 0.001901298205 0.001725128783 0.001725128783 0.001725128783 0.001725128783 0.001644861106 0.001644861106
-9999 -9999 -9999 -9999 -9999 -9999 -9999 -9999 -9999 -9999 -9999 -9999 -9999 -9999 -9999 -9999 -9999 -9999 -9999 -9999 -9999 -9999 -9999 -9999 -9999 -9999 0.187974978514 0.187974978514 0.187974978514 0.187974978514 0.150948926646 0.243277695628 0.243277695628 0.243277695628 0.228880760039 0.228880760039 0.043763472777 0.035944101083 0.035944101083 0.035944101083 0.035944101083 0.002400591449 0.002400591449 0.002400591449 0.002400591449 0.002102055549 0.002910888909 0.002910888909 0.002640066097 0.002640066097 0.002640066097 0.004182986636 0.003851483567 0.003851483567
-9999 -9999 -9999 -9999 -9999 -9999 -9999 -9999 -9999 -9999 -9999 -9999 -9999 -9999 -9999 -9999 -9999 -9999 -9999 -9999 -9999 -9999 -9999 -9999 -9999 -9999 -9999 0.187974978514 0.187974978514 0.187974978514 0.150948926646 0.243277695628 0.243277695628 0.243277695628 0.228880760039 0.228880760039 0.043763472777 0.035944101083 0.035944101083 0.035944101083 0.035944101083 0.002400591449 0.002400591449 0.002400591449 0.002400591449 0.002102055549 0.002910888909 0.002910888909 0.002640066097 0.002640066097 0.002640066097 0.004182986636 0.003851483567 0.003851483567
-9999 -9999 -9999 -9999 -9999 -9999 -9999 -9999 -9999 -9999 -9999 -9999 -9999 -9999 -9999 -9999 -9999 -9999 -9999 -9999 -9999 -9999 -9999 -9999 -9999 -9999 -9999 0.187974978514 0.187974978514 0.187974978514 0.150948926646 0.243277695628 0.243277695628 0.243277695628 0.228880760039 0.228880760039 0.043763472777 0.035944101083 0.035944101083 0.035944101083 0.035944101083 0.002400591449 0.002400591449 0.002400591449 0.002400591449 0.002102055549 0.002910888909 0.002910888909 0.002640066097 0.002640066097 0.002640066097 0.004182986636 0.003851483567 0.003851483567
-9999 -9999 -9999 -9999 -9999 -9999 -9999 -9999 -9999 -9999 -9999 -9999 -9999 -9999 -9999 -9999 -9999 -9999 -9999 -9999 -9999 -9999 -9999 -9999 -9999 -9999 -9999 -9999 -9999 0.187974978514 0.150948926646 0.243277695628 0.243277695628 0.243277695628 0.228880760039 0.228880760039 0.043763472777 0.035944101083 0.035944101083 0.035944101083 0.035944101083 0.002400591449 0.002400591449 0.002400591449 0.002400591449 0.002102055549 0.002910888909 0.002910888909 0.002640066097 0.002640066097 0.002640066097 0.004182986636 0.003851483567 0.003851483567
-9999 -9999 -9999 -9999 -9999 -9999 -9999 -9999 -9999 -9999 -9999 -9999 -9999 -9999 -9999 -9999 -9999 -9999 -9999 -9999 -9999 -9999 -9999 -9999 -9999 -9999 -9999 -9999 -9999 -9999 -9999 0.334327057779 0.334327057779 0.334327057779 0.250253495431 0.250253495431 0.047850077188 0.035609724342 0.035609724342 0.035609724342 0.035609724342 0.002252234619 0.002252234619 0.002252234619 0.002252234619 0.002007187324 0.002779517089 0.002779517089 0.002396138866 0.002396138866 0.002396138866 0.003796502242 0.003439260295 0.003439260295
