examples/build_demonstration_server/impact_modelling_data/impact/Earthquake_Fatalities_Padang_2009.asc
ncols         625
nrows         197
xllcorner     98.110656731471
yllcorner     -1.946949662470
cellsize      0.008333333333
NODATA_value  -9999
[rows 48 to 71 of 197, columns 270 to 323 of 625]
1.702328559452 0.368694497694 0.368694497694 0.368694497694 0.349693251171 0.349693251171 0.248489009533 0.248489009533 0.213991206676 0.213991206676 0.213991206676 0.535090101780 0.524506566050 0.524506566050 0.524506566050 0.471776065691 0.552909233258 0.552909233258 0.552909233258 0.484312990564 0.484312990564 0.359952877023 0.359952877023 0.353071619446 0.353071619446 0.353071619446 0.568963209419 0.568963209419 0.568963209419 0.568963209419 0.529501692290 0.213392667509 0.213392667509 0.213392667509 0.191118986542 0.191118986542 0.218217407408 0.183988092617 0.183988092617 0.183988092617 0.183988092617 0.075942907360 0.075942907360 0.075942907360 0.075942907360 0.066863198067 0.061212575234 0.061212575234 0.053063152779 0.053063152779 0.053063152779 0.298155816647 0.296720516582 0.296720516582
0.724614153406 0.390635403330 0.390635403330 0.390635403330 0.370503397982 0.370503397982 0.212230317119 0.212230317119 0.182766319279 0.182766319279 0.182766319279 0.391297273031 0.383557812599 0.383557812599 0.383557812599 0.344997388986 0.372140161936 0.372140161936 0.372140161936 0.325970889786 0.325970889786 0.689906436946 0.689906436946 0.676717421940 0.676717421940 0.676717421940 0.416049991351 0.416049991351 0.416049991351 0.416049991351 0.387194059037 0.586132194025 0.586132194025 0.586132194025 0.524952390394 0.524952390394 0.170713083143 0.143935238372 0.143935238372 0.143935238372 0.143935238372 0.110564603760 0.110564603760 0.110564603760 0.110564603760 0.097345535711 0.125457812547 0.125457812547 0.108755219806 0.108755219806 0.108755219806 0.129767401204 0.129142710526 0.129142710526
0.724614153406 0.390635403330 0.390635403330 0.390635403330 0.370503397982 0.370503397982 0.212230317119 0.212230317119 0.182766319279 0.182766319279 0.182766319279 0.391297273031 0.383557812599 0.383557812599 0.383557812599 0.344997388986 0.372140161936 0.372140161936 0.372140161936 0.325970889786 0.325970889786 0.689906436946 0.689906436946 0.676717421940 0.676717421940 0.676717421940 0.416049991351 0.416049991351 0.416049991351 0.416049991351 0.387194059037 0.586132194025 0.586132194025 0.586132194025 0.524952390394 0.524952390394 0.170713083143 0.143935238372 0.143935238372 0.143935238372 0.143935238372 0.110564603760 0.110564603760 0.110564603760 0.110564603760 0.097345535711 0.125457812547 0.125457812547 0.108755219806 0.108755219806 0.108755219806 0.129767401204 0.129142710526 0.129142710526
0.764437064009 0.412103709837 0.412103709837 0.412103709837 0.375191370859 0.375191370859 0.214915663531 0.214915663531 0.192691708591 0.192691708591 0.192691708591 0.412547237396 0.378040730056 0.378040730056 0.378040730056 0.343368184356 0.370382779144 0.370382779144 0.370382779144 0.335686798839 0.335686798839 0.710469832041 0.710469832041 0.653634645940 0.653634645940 0.653634645940 0.423484510317 0.423484510317 0.423484510317 0.423484510317 0.380846554408 0.576523377133 0.576523377133 0.576523377133 0.508310593740 0.508310593740 0.165301216338 0.147072235723 0.147072235723 0.147072235723 0.147072235723 0.107414807437 0.107414807437 0.107414807437 0.107414807437 0.095420548729 0.122976911351 0.122976911351 0.113910929234 0.113910929234 0.113910929234 0.135919225596 0.126353807008 0.126353807008
0.764437064009 0.412103709837 0.412103709837 0.412103709837 0.375191370859 0.375191370859 0.214915663531 0.214915663531 0.192691708591 0.192691708591 0.192691708591 0.412547237396 0.378040730056 0.378040730056 0.378040730056 0.343368184356 0.370382779144 0.370382779144 0.370382779144 0.335686798839 0.335686798839 0.710469832041 0.710469832041 0.653634645940 0.653634645940 0.653634645940 0.423484510317 0.423484510317 0.423484510317 0.423484510317 0.380846554408 0.576523377133 0.576523377133 0.576523377133 0.508310593740 0.508310593740 0.165301216338 0.147072235723 0.147072235723 0.147072235723 0.147072235723 0.107414807437 0.107414807437 0.107414807437 0.107414807437 0.095420548729 0.122976911351 0.122976911351 0.113910929234 0.113910929234 0.113910929234 0.135919225596 0.126353807008 0.126353807008
0.764437064009 0.412103709837 0.412103709837 0.412103709837 0.375191370859 0.375191370859 0.214915663531 0.214915663531 0.192691708591 0.192691708591 0.192691708591 0.412547237396 0.378040730056 0.378040730056 0.378040730056 0.343368184356 0.370382779144 0.370382779144 0.370382779144 0.335686798839 0.335686798839 0.710469832041 0.710469832041 0.653634645940 0.653634645940 0.653634645940 0.423484510317 0.423484510317 0.423484510317 0.423484510317 0.380846554408 0.576523377133 0.576523377133 0.576523377133 0.508310593740 0.508310593740 0.165301216338 0.147072235723 0.147072235723 0.147072235723 0.147072235723 0.107414807437 0.107414807437 0.107414807437 0.107414807437 0.095420548729 0.122976911351 0.122976911351 0.113910929234 0.113910929234 0.113910929234 0.135919225596 0.126353807008 0.126353807008
0.423313476164 0.317634444946 0.317634444946 0.317634444946 0.288514493029 0.288514493029 0.283725583277 0.283725583277 0.246124960774 0.246124960774 0.246124960774 0.260383002132 0.246605519402 0.246605519402 0.246605519402 0.217969688619 0.309979631893 0.309979631893 0.309979631893 0.283759979725 0.283759979725 0.328668773424 0.328668773424 0.300862827351 0.300862827351 0.300862827351 0.359639663348 0.359639663348 0.359639663348 0.359639663348 0.333599883610 1.334144989630 1.334144989630 1.334144989630 1.202714892356 1.202714892356 0.787697960034 0.697991870550 0.697991870550 0.697991870550 0.697991870550 0.133183273495 0.133183273495 0.133183273495 0.133183273495 0.116993800152 0.112243635665 0.112243635665 0.100483371000 0.100483371000 0.100483371000 0.106242551778 0.100084042407 0.100084042407
0.423313476164 0.317634444946 0.317634444946 0.317634444946 0.288514493029 0.288514493029 0.283725583277 0.283725583277 0.246124960774 0.246124960774 0.246124960774 0.260383002132 0.246605519402 0.246605519402 0.246605519402 0.217969688619 0.309979631893 0.309979631893 0.309979631893 0.283759979725 0.283759979725 0.328668773424 0.328668773424 0.300862827351 0.300862827351 0.300862827351 0.359639663348 0.359639663348 0.359639663348 0.359639663348 0.333599883610 1.334144989630 1.334144989630 1.334144989630 1.202714892356 1.202714892356 0.787697960034 0.697991870550 0.697991870550 0.697991870550 0.697991870550 0.133183273495 0.133183273495 0.133183273495 0.133183273495 0.116993800152 0.112243635665 0.112243635665 0.100483371000 0.100483371000 0.100483371000 0.106242551778 0.100084042407 0.100084042407
0.423313476164 0.317634444946 0.317634444946 0.317634444946 0.288514493029 0.288514493029 0.283725583277 0.283725583277 0.246124960774 0.246124960774 0.246124960774 0.260383002132 0.246605519402 0.246605519402 0.246605519402 0.217969688619 0.309979631893 0.309979631893 0.309979631893 0.283759979725 0.283759979725 0.328668773424 0.328668773424 0.300862827351 0.300862827351 0.300862827351 0.359639663348 0.359639663348 0.359639663348 0.359639663348 0.333599883610 1.334144989630 1.334144989630 1.334144989630 1.202714892356 1.202714892356 0.787697960034 0.697991870550 0.697991870550 0.697991870550 0.697991870550 0.133183273495 0.133183273495 0.133183273495 0.133183273495 0.116993800152 0.112243635665 0.112243635665 0.100483371000 0.100483371000 0.100483371000 0.106242551778 0.100084042407 0.100084042407
0.423313476164 0.317634444946 0.317634444946 0.317634444946 0.288514493029 0.288514493029 0.283725583277 0.283725583277 0.246124960774 0.246124960774 0.246124960774 0.260383002132 0.246605519402 0.246605519402 0.246605519402 0.217969688619 0.309979631893 0.309979631893 0.309979631893 0.283759979725 0.283759979725 0.328668773424 0.328668773424 0.300862827351 0.300862827351 0.300862827351 0.359639663348 0.359639663348 0.359639663348 0.359639663348 0.333599883610 1.334144989630 1.334144989630 1.334144989630 1.202714892356 1.202714892356 0.787697960034 0.697991870550 0.697991870550 0.697991870550 0.697991870550 0.133183273495 0.133183273495 0.133183273495 0.133183273495 0.116993800152 0.112243635665 0.112243635665 0.100483371000 0.100483371000 0.100483371000 0.106242551778 0.100084042407 0.100084042407
0.405515484686 0.304279672507 0.304279672507 0.304279672507 0.296567806561 0.296567806561 0.291645223831 0.291645223831 0.242026646986 0.242026646986 0.242026646986 0.256047272652 0.244241916854 0.244241916854 0.244241916854 0.213636987530 0.303817999525 0.303817999525 0.303817999525 0.277430749401 0.277430749401 0.321337858157 0.321337858157 0.298835327284 0.298835327284 0.298835327284 0.353603512099 0.353603512099 0.353603512099 0.353603512099 0.338758543696 1.354775693789 1.354775693789 1.354775693789 1.200886766729 1.200886766729 0.786500659795 0.689664391051 0.689664391051 0.689664391051 0.689664391051 0.135049334057 0.135049334057 0.135049334057 0.135049334057 0.116027511307 0.111316579933 0.111316579933 0.097770322406 0.097770322406 0.097770322406 0.103374005442 0.100196628757 0.100196628757
0.559556034891 0.249561849879 0.249561849879 0.249561849879 0.243236788742 0.243236788742 0.195527743276 0.195527743276 0.162261954700 0.162261954700 0.162261954700 0.226673436239 0.216222395160 0.216222395160 0.216222395160 0.189128474479 0.240813276043 0.240813276043 0.240813276043 0.219898122372 0.219898122372 0.186100237050 0.186100237050 0.173068077211 0.173068077211 0.173068077211 0.417008908452 0.417008908452 0.417008908452 0.417008908452 0.399502057252 0.719731538618 0.719731538618 0.719731538618 0.637977256520 0.637977256520 0.569666590629 0.499527568650 0.499527568650 0.499527568650 0.499527568650 0.097939139155 0.097939139155 0.097939139155 0.097939139155 0.084144321444 0.055646478922 0.055646478922 0.048874787460 0.048874787460 0.048874787460 0.022916644534 0.022212262308 0.022212262308
0.559556034891 0.249561849879 0.249561849879 0.249561849879 0.243236788742 0.243236788742 0.195527743276 0.195527743276 0.162261954700 0.162261954700 0.162261954700 0.226673436239 0.216222395160 0.216222395160 0.216222395160 0.189128474479 0.240813276043 0.240813276043 0.240813276043 0.219898122372 0.219898122372 0.186100237050 0.186100237050 0.173068077211 0.173068077211 0.173068077211 0.417008908452 0.417008908452 0.417008908452 0.417008908452 0.399502057252 0.719731538618 0.719731538618 0.719731538618 0.637977256520 0.637977256520 0.569666590629 0.499527568650 0.499527568650 0.499527568650 0.499527568650 0.097939139155 0.097939139155 0.097939139155 0.097939139155 0.084144321444 0.055646478922 0.055646478922 0.048874787460 0.048874787460 0.048874787460 0.022916644534 0.022212262308 0.022212262308
0.559556034891 0.249561849879 0.249561849879 0.249561849879 0.243236788742 0.243236788742 0.195527743276 0.195527743276 0.162261954700 0.162261954700 0.162261954700 0.226673436239 0.216222395160 0.216222395160 0.216222395160 0.189128474479 0.240813276043 0.240813276043 0.240813276043 0.219898122372 0.219898122372 0.186100237050 0.186100237050 0.173068077211 0.173068077211 0.173068077211 0.417008908452 0.417008908452 0.417008908452 0.417008908452 0.399502057252 0.719731538618 0.719731538618 0.719731538618 0.637977256520 0.637977256520 0.569666590629 0.499527568650 0.499527568650 0.499527568650 0.499527568650 0.097939139155 0.097939139155 0.097939139155 0.097939139155 0.084144321444 0.055646478922 0.055646478922 0.048874787460 0.048874787460 0.048874787460 0.022916644534 0.022212262308 0.022212262308
0.689533907230 0.307531948031 0.307531948031 0.307531948031 0.249468696936 0.249468696936 0.200537310093 0.200537310093 0.163117329498 0.163117329498 0.163117329498 0.227868360490 0.210431887548 0.210431887548 0.210431887548 0.190261589770 0.242256047716 0.242256047716 0.242256047716 0.215122152700 0.215122152700 0.182058324010 0.182058324010 0.165472594696 0.165472594696 0.165472594696 0.424248570439 0.424248570439 0.424248570439 0.424248570439 0.387530983928 0.698164793551 0.698164793551 0.698164793551 0.622915760089 0.622915760089 0.556217786250 0.500022095759 0.500022095759 0.500022095759 0.500022095759 0.093755223571 0.093755223571 0.093755223571 0.093755223571 0.083619844584 0.055299630911 0.055299630911 0.049480547192 0.049480547192 0.049480547192 0.023200676060 0.021523197941 0.021523197941
0.689533907230 0.307531948031 0.307531948031 0.307531948031 0.249468696936 0.249468696936 0.200537310093 0.200537310093 0.163117329498 0.163117329498 0.163117329498 0.227868360490 0.210431887548 0.210431887548 0.210431887548 0.190261589770 0.242256047716 0.242256047716 0.242256047716 0.215122152700 0.215122152700 0.182058324010 0.182058324010 0.165472594696 0.165472594696 0.165472594696 0.424248570439 0.424248570439 0.424248570439 0.424248570439 0.387530983928 0.698164793551 0.698164793551 0.698164793551 0.622915760089 0.622915760089 0.556217786250 0.500022095759 0.500022095759 0.500022095759 0.500022095759 0.093755223571 0.093755223571 0.093755223571 0.093755223571 0.083619844584 0.055299630911 0.055299630911 0.049480547192 0.049480547192 0.049480547192 0.023200676060 0.021523197941 0.021523197941
0.468625133827 0.865326061632 0.865326061632 0.865326061632 0.701949070339 0.701949070339 1.892738836351 1.892738836351 1.539556426080 1.539556426080 1.539556426080 1.459551535139 1.347866741357 1.347866741357 1.347866741357 1.218671143417 0.328601143746 0.328601143746 0.328601143746 0.291796163972 0.291796163972 0.150173734687 0.150173734687 0.136492729288 0.136492729288 0.136492729288 0.514162288869 0.514162288869 0.514162288869 0.514162288869 0.469662908935 1.152175137738 1.152175137738 1.152175137738 1.027992328330 1.027992328330 0.683426462063 0.614378648626 0.614378648626 0.614378648626 0.614378648626 0.169477200760 0.169477200760 0.169477200760 0.169477200760 0.151155921221 0.053893340227 0.053893340227 0.048222238025 0.048222238025 0.048222238025 0.033571624460 0.031144295821 0.031144295821
0.626709384815 1.157231920792 1.157231920792 1.157231920792 0.746151384075 0.746151384075 2.011926166886 2.011926166886 1.537124217635 1.537124217635 1.537124217635 1.457245719315 1.360098356050 1.360098356050 1.360098356050 1.175793549880 0.317039676690 0.317039676690 0.317039676690 0.287103468343 0.287103468343 0.147758625390 0.147758625390 0.137550563856 0.137550563856 0.137550563856 0.490129490032 0.490129490032 0.490129490032 0.490129490032 0.460880985191 1.130631358132 1.130631358132 1.130631358132 1.028192488455 1.028192488455 0.683559531856 0.593560645926 0.593560645926 0.593560645926 0.593560645926 0.169371538853 0.169371538853 0.169371538853 0.169371538853 0.146593130840 0.052266516664 0.052266516664 0.047063202082 0.047063202082 0.047063202082 0.032764720405 0.031395875956 0.031395875956
0.626709384815 1.157231920792 1.157231920792 1.157231920792 0.746151384075 0.746151384075 2.011926166886 2.011926166886 1.537124217635 1.537124217635 1.537124217635 1.457245719315 1.360098356050 1.360098356050 1.360098356050 1.175793549880 0.317039676690 0.317039676690 0.317039676690 0.287103468343 0.287103468343 0.147758625390 0.147758625390 0.137550563856 0.137550563856 0.137550563856 0.490129490032 0.490129490032 0.490129490032 0.490129490032 0.460880985191 1.130631358132 1.130631358132 1.130631358132 1.028192488455 1.028192488455 0.683559531856 0.593560645926 0.593560645926 0.593560645926 0.593560645926 0.169371538853 0.169371538853 0.169371538853 0.169371538853 0.146593130840 0.052266516664 0.052266516664 0.047063202082 0.047063202082 0.047063202082 0.032764720405 0.031395875956 0.031395875956
0.626709384815 1.157231920792 1.157231920792 1.157231920792 0.746151384075 0.746151384075 2.011926166886 2.011926166886 1.537124217635 1.537124217635 1.537124217635 1.457245719315 1.360098356050 1.360098356050 1.360098356050 1.175793549880 0.317039676690 0.317039676690 0.317039676690 0.287103468343 0.287103468343 0.147758625390 0.147758625390 0.137550563856 0.137550563856 0.137550563856 0.490129490032 0.490129490032 0.490129490032 0.490129490032 0.460880985191 1.130631358132 1.130631358132 1.130631358132 1.028192488455 1.028192488455 0.683559531856 0.593560645926 0.593560645926 0.593560645926 0.593560645926 0.169371538853 0.169371538853 0.169371538853 0.169371538853 0.146593130840 0.052266516664 0.052266516664 0.047063202082 0.047063202082 0.047063202082 0.032764720405 0.031395875956 0.031395875956
0.626709384815 1.157231920792 1.157231920792 1.157231920792 0.746151384075 0.746151384075 2.011926166886 2.011926166886 1.537124217635 1.537124217635 1.537124217635 1.457245719315 1.360098356050 1.360098356050 1.360098356050 1.175793549880 0.317039676690 0.317039676690 0.317039676690 0.287103468343 0.287103468343 0.147758625390 0.147758625390 0.137550563856 0.137550563856 0.137550563856 0.490129490032 0.490129490032 0.490129490032 0.490129490032 0.460880985191 1.130631358132 1.130631358132 1.130631358132 1.028192488455 1.028192488455 0.683559531856 0.593560645926 0.593560645926 0.593560645926 0.593560645926 0.169371538853 0.169371538853 0.169371538853 0.169371538853 0.146593130840 0.052266516664 0.052266516664 0.047063202082 0.047063202082 0.047063202082 0.032764720405 0.031395875956 0.031395875956
34.541651215227 18.020929648340 18.020929648340 18.020929648340 11.761173390077 11.761173390077 4.499388430196 4.499388430196 3.583478727916 3.583478727916 3.583478727916 0.738227857053 0.678249329887 0.678249329887 0.678249329887 0.580426628387 0.195277958316 0.195277958316 0.195277958316 0.181535900670 0.181535900670 0.255206618598 0.255206618598 0.234538919254 0.234538919254 0.234538919254 0.278719711449 0.278719711449 0.278719711449 0.278719711449 0.262166732016 0.732637762964 0.732637762964 0.732637762964 0.651185796646 0.651185796646 0.775247682911 0.688623010589 0.688623010589 0.688623010589 0.688623010589 0.261592859437 0.261592859437 0.261592859437 0.261592859437 0.227993053118 0.075036405790 0.075036405790 0.067606973655 0.067606973655 0.067606973655 0.034728277867 0.033214380326 0.033214380326
34.541651215227 18.020929648340 18.020929648340 18.020929648340 11.761173390077 11.761173390077 4.499388430196 4.499388430196 3.583478727916 3.583478727916 3.583478727916 0.738227857053 0.678249329887 0.678249329887 0.678249329887 0.580426628387 0.195277958316 0.195277958316 0.195277958316 0.181535900670 0.181535900670 0.255206618598 0.255206618598 0.234538919254 0.234538919254 0.234538919254 0.278719711449 0.278719711449 0.278719711449 0.278719711449 0.262166732016 0.732637762964 0.732637762964 0.732637762964 0.651185796646 0.651185796646 0.775247682911 0.688623010589 0.688623010589 0.688623010589 0.688623010589 0.261592859437 0.261592859437 0.261592859437 0.261592859437 0.227993053118 0.075036405790 0.075036405790 0.067606973655 0.067606973655 0.067606973655 0.034728277867 0.033214380326 0.033214380326
34.541651215227 18.020929648340 18.020929648340 18.020929648340 11.761173390077 11.761173390077 4.499388430196 4.499388430196 3.583478727916 3.583478727916 3.583478727916 0.738227857053 0.678249329887 0.678249329887 0.678249329887 0.580426628387 0.195277958316 0.195277958316 0.195277958316 0.181535900670 0.181535900670 0.255206618598 0.255206618598 0.234538919254 0.234538919254 0.234538919254 0.278719711449 0.278719711449 0.278719711449 0.278719711449 0.262166732016 0.732637762964 0.732637762964 0.732637762964 0.651185796646 0.651185796646 0.775247682911 0.688623010589 0.688623010589 0.688623010589 0.688623010589 0.261592859437 0.261592859437 0.261592859437 0.261592859437 0.227993053118 0.075036405790 0.075036405790 0.067606973655 0.067606973655 0.067606973655 0.034728277867 0.033214380326 0.033214380326
