examples/build_demonstration_server/impact_modelling_data/impact/Earthquake_Fatalities_Padang_2009.asc
ncols         625
nrows         197
xllcorner     98.110656731471
yllcorner     -1.946949662470
cellsize      0.008333333333
NODATA_value  -9999
[rows 168 to 191 of 197, columns 378 to 431 of 625]
0.008745492669 0.008745492669 0.008745492669 0.007072349151 0.007072349151 0.007072349151 0.007072349151 0.006180765078 0.002244979135 0.002244979135 0.002244979135 0.002030705766 0.002030705766 0.000468220530 0.000440503687 0.000440503687 0.000440503687 0.000440503687 0.000179922194 0.000179922194 0.000179922194 0.000179922194 0.000166443994 0.000138135789 0.000138135789 0.000127972949 0.000127972949 0.000127972949 0.000056212348 0.000049144899 0.000049144899 0.000049144899 0.000049144899 0.000078533594 0.000078533594 0.000078533594 0.000073721679 0.000073721679 0.000164387075 0.000164387075 0.000140650282 0.000140650282 0.000140650282 0.000131558027 0.000127642925 0.000127642925 0.000127642925 0.000116562597 0.000084933861 0.000084933861 0.000084933861 0.000074850825 0.000074850825 0.000180290167
0.009247729692 0.009247729692 0.009247729692 0.011177884291 0.011177884291 0.011177884291 0.011177884291 0.009585343825 0.002199913390 0.002199913390 0.002199913390 0.002044845621 0.002044845621 0.000000000000 0.000000000000 0.000000000000 0.000000000000 0.000000000000 0.000004903286 0.000004903286 0.000004903286 0.000004903286 0.000004625043 0.000049211312 0.000049211312 0.000044807360 0.000044807360 0.000044807360 0.000054545193 0.000046767852 0.000046767852 0.000046767852 0.000046767852 0.000107763734 0.000107763734 0.000107763734 0.000094930704 0.000094930704 0.000164491821 0.000164491821 0.000148673746 0.000148673746 0.000148673746 0.000106978505 0.000103960559 0.000103960559 0.000103960559 0.000093137268 0.000081176496 0.000081176496 0.000081176496 0.000073595427 0.000073595427 0.000234573572
0.009247729692 0.009247729692 0.009247729692 0.011177884291 0.011177884291 0.011177884291 0.011177884291 0.009585343825 0.002199913390 0.002199913390 0.002199913390 0.002044845621 0.002044845621 0.000000000000 0.000000000000 0.000000000000 0.000000000000 0.000000000000 0.000004903286 0.000004903286 0.000004903286 0.000004903286 0.000004625043 0.000049211312 0.000049211312 0.000044807360 0.000044807360 0.000044807360 0.000054545193 0.000046767852 0.000046767852 0.000046767852 0.000046767852 0.000107763734 0.000107763734 0.000107763734 0.000094930704 0.000094930704 0.000164491821 0.000164491821 0.000148673746 0.000148673746 0.000148673746 0.000106978505 0.000103960559 0.000103960559 0.000103960559 0.000093137268 0.000081176496 0.000081176496 0.000081176496 0.000073595427 0.000073595427 0.000234573572
0.009247729692 0.009247729692 0.009247729692 0.011177884291 0.011177884291 0.011177884291 0.011177884291 0.009585343825 0.002199913390 0.002199913390 0.002199913390 0.002044845621 0.002044845621 0.000000000000 0.000000000000 0.000000000000 0.000000000000 0.000000000000 0.000004903286 0.000004903286 0.000004903286 0.000004903286 0.000004625043 0.000049211312 0.000049211312 0.000044807360 0.000044807360 0.000044807360 0.000054545193 0.000046767852 0.000046767852 0.000046767852 0.000046767852 0.000107763734 0.000107763734 0.000107763734 0.000094930704 0.000094930704 0.000164491821 0.000164491821 0.000148673746 0.000148673746 0.000148673746 0.000106978505 0.000103960559 0.000103960559 0.000103960559 0.000093137268 0.000081176496 0.000081176496 0.000081176496 0.000073595427 0.000073595427 0.000234573572
0.008546363300 0.008546363300 0.008546363300 0.009945535963 0.009945535963 0.009945535963 0.009945535963 0.009106805044 0.002090084896 0.002090084896 0.002090084896 0.001905624922 0.001905624922 0.000000000000 0.000000000000 0.000000000000 0.000000000000 0.000000000000 0.000004772756 0.000004772756 0.000004772756 0.000004772756 0.000004334793 0.000046123003 0.000046123003 0.000041748579 0.000041748579 0.000041748579 0.000050821658 0.000046016662 0.000046016662 0.000046016662 0.000046016662 0.000099478385 0.000099478385 0.000099478385 0.000089261985 0.000089261985 0.000154669310 0.000154669310 0.000140462104 0.000140462104 0.000140462104 0.000101069801 0.000096163175 0.000096163175 0.000096163175 0.000090991400 0.000079306202 0.000079306202 0.000079306202 0.000074164372 0.000074164372 0.000236386993
0.008546363300 0.008546363300 0.008546363300 0.009945535963 0.009945535963 0.009945535963 0.009945535963 0.009106805044 0.002090084896 0.002090084896 0.002090084896 0.001905624922 0.001905624922 0.000000000000 0.000000000000 0.000000000000 0.000000000000 0.000000000000 0.000004772756 0.000004772756 0.000004772756 0.000004772756 0.000004334793 0.000046123003 0.000046123003 0.000041748579 0.000041748579 0.000041748579 0.000050821658 0.000046016662 0.000046016662 0.000046016662 0.000046016662 0.000099478385 0.000099478385 0.000099478385 0.000089261985 0.000089261985 0.000154669310 0.000154669310 0.000140462104 0.000140462104 0.000140462104 0.000101069801 0.000096163175 0.000096163175 0.000096163175 0.000090991400 0.000079306202 0.000079306202 0.000079306202 0.000074164372 0.000074164372 0.000236386993
0.014888008300 0.014888008300 0.014888008300 0.018917962337 0.018917962337 0.018917962337 0.018917962337 0.017322565166 0.005225077566 0.005225077566 0.005225077566 0.004763939516 0.004763939516 0.000000000000 0.000000000000 0.000000000000 0.000000000000 0.000000000000 0.000000000000 0.000000000000 0.000000000000 0.000000000000 0.000000000000 0.000004744577 0.000004744577 0.000004294589 0.000004294589 0.000004294589 0.000040459250 0.000036633981 0.000036633981 0.000036633981 0.000036633981 0.000108537998 0.000108537998 0.000108537998 0.000097391179 0.000097391179 0.000149821987 0.000149821987 0.000136060035 0.000136060035 0.000136060035 0.000087264448 0.000083028029 0.000083028029 0.000083028029 0.000078562679 0.000107113752 0.000107113752 0.000107113752 0.000100169015 0.000100169015 0.000261002951
0.014888008300 0.014888008300 0.014888008300 0.018917962337 0.018917962337 0.018917962337 0.018917962337 0.017322565166 0.005225077566 0.005225077566 0.005225077566 0.004763939516 0.004763939516 0.000000000000 0.000000000000 0.000000000000 0.000000000000 0.000000000000 0.000000000000 0.000000000000 0.000000000000 0.000000000000 0.000000000000 0.000004744577 0.000004744577 0.000004294589 0.000004294589 0.000004294589 0.000040459250 0.000036633981 0.000036633981 0.000036633981 0.000036633981 0.000108537998 0.000108537998 0.000108537998 0.000097391179 0.000097391179 0.000149821987 0.000149821987 0.000136060035 0.000136060035 0.000136060035 0.000087264448 0.000083028029 0.000083028029 0.000083028029 0.000078562679 0.000107113752 0.000107113752 0.000107113752 0.000100169015 0.000100169015 0.000261002951
0.013681876036 0.013681876036 0.013681876036 0.018293540549 0.018293540549 0.018293540549 0.018293540549 0.016196802724 0.004885509146 0.004885509146 0.004885509146 0.004318485654 0.004318485654 0.000000000000 0.000000000000 0.000000000000 0.000000000000 0.000000000000 0.000000000000 0.000000000000 0.000000000000 0.000000000000 0.000000000000 0.000004371200 0.000004371200 0.000004109403 0.000004109403 0.000004109403 0.000038714612 0.000032966268 0.000032966268 0.000032966268 0.000032966268 0.000103446159 0.000103446159 0.000103446159 0.000092807675 0.000092807675 0.000142770942 0.000142770942 0.000123609388 0.000123609388 0.000123609388 0.000079279011 0.000078274026 0.000078274026 0.000078274026 0.000073205381 0.000099809518 0.000099809518 0.000099809518 0.000091552327 0.000091552327 0.000238551089
0.013681876036 0.013681876036 0.013681876036 0.018293540549 0.018293540549 0.018293540549 0.018293540549 0.016196802724 0.004885509146 0.004885509146 0.004885509146 0.004318485654 0.004318485654 0.000000000000 0.000000000000 0.000000000000 0.000000000000 0.000000000000 0.000000000000 0.000000000000 0.000000000000 0.000000000000 0.000000000000 0.000004371200 0.000004371200 0.000004109403 0.000004109403 0.000004109403 0.000038714612 0.000032966268 0.000032966268 0.000032966268 0.000032966268 0.000103446159 0.000103446159 0.000103446159 0.000092807675 0.000092807675 0.000142770942 0.000142770942 0.000123609388 0.000123609388 0.000123609388 0.000079279011 0.000078274026 0.000078274026 0.000078274026 0.000073205381 0.000099809518 0.000099809518 0.000099809518 0.000091552327 0.000091552327 0.000238551089
0.013681876036 0.013681876036 0.013681876036 0.018293540549 0.018293540549 0.018293540549 0.018293540549 0.016196802724 0.004885509146 0.004885509146 0.004885509146 0.004318485654 0.004318485654 0.000000000000 0.000000000000 0.000000000000 0.000000000000 0.000000000000 0.000000000000 0.000000000000 0.000000000000 0.000000000000 0.000000000000 0.000004371200 0.000004371200 0.000004109403 0.000004109403 0.000004109403 0.000038714612 0.000032966268 0.000032966268 0.000032966268 0.000032966268 0.000103446159 0.000103446159 0.000103446159 0.000092807675 0.000092807675 0.000142770942 0.000142770942 0.000123609388 0.000123609388 0.000123609388 0.000079279011 0.000078274026 0.000078274026 0.000078274026 0.000073205381 0.000099809518 0.000099809518 0.000099809518 0.000091552327 0.000091552327 0.000238551089
0.009374783734 0.009374783734 0.009374783734 0.003149902896 0.003149902896 0.003149902896 0.003149902896 0.002788872699 0.001481546386 0.001481546386 0.001481546386 0.001309594685 0.001309594685 0.000000000000 0.000000000000 0.000000000000 0.000000000000 0.000000000000 0.000000000000 0.000000000000 0.000000000000 0.000000000000 0.000000000000 0.000000000000 0.000000000000 0.000000000000 0.000000000000 0.000000000000 0.000002279016 0.000001940628 0.000001940628 0.000001940628 0.000001940628 0.000101495530 0.000101495530 0.000101495530 0.000091057651 0.000091057651 0.000117404083 0.000117404083 0.000101647062 0.000101647062 0.000101647062 0.000078124287 0.000077133939 0.000077133939 0.000077133939 0.000072139121 0.000058346756 0.000058346756 0.000058346756 0.000053519759 0.000053519759 0.000052811012
0.009092672013 0.009092672013 0.009092672013 0.002986296039 0.002986296039 0.002986296039 0.002986296039 0.002662657246 0.001414496338 0.001414496338 0.001414496338 0.001314636442 0.001314636442 0.000000000000 0.000000000000 0.000000000000 0.000000000000 0.000000000000 0.000000000000 0.000000000000 0.000000000000 0.000000000000 0.000000000000 0.000000000000 0.000000000000 0.000000000000 0.000000000000 0.000000000000 0.000002248872 0.000001931980 0.000001931980 0.000001931980 0.000001931980 0.000098983391 0.000098983391 0.000098983391 0.000087655064 0.000087655064 0.000113016999 0.000113016999 0.000101241315 0.000101241315 0.000101241315 0.000077812435 0.000075095414 0.000075095414 0.000075095414 0.000069718649 0.000056389057 0.000056389057 0.000056389057 0.000053767544 0.000053767544 0.000053055515
0.009092672013 0.009092672013 0.009092672013 0.002986296039 0.002986296039 0.002986296039 0.002986296039 0.002662657246 0.001414496338 0.001414496338 0.001414496338 0.001314636442 0.001314636442 0.000000000000 0.000000000000 0.000000000000 0.000000000000 0.000000000000 0.000000000000 0.000000000000 0.000000000000 0.000000000000 0.000000000000 0.000000000000 0.000000000000 0.000000000000 0.000000000000 0.000000000000 0.000002248872 0.000001931980 0.000001931980 0.000001931980 0.000001931980 0.000098983391 0.000098983391 0.000098983391 0.000087655064 0.000087655064 0.000113016999 0.000113016999 0.000101241315 0.000101241315 0.000101241315 0.000077812435 0.000075095414 0.000075095414 0.000075095414 0.000069718649 0.000056389057 0.000056389057 0.000056389057 0.000053767544 0.000053767544 0.000053055515
0.009092672013 0.009092672013 0.009092672013 0.002986296039 0.002986296039 0.002986296039 0.002986296039 0.002662657246 0.001414496338 0.001414496338 0.001414496338 0.001314636442 0.001314636442 0.000000000000 0.000000000000 0.000000000000 0.000000000000 0.000000000000 0.000000000000 0.000000000000 0.000000000000 0.000000000000 0.000000000000 0.000000000000 0.000000000000 0.000000000000 0.000000000000 0.000000000000 0.000002248872 0.000001931980 0.000001931980 0.000001931980 0.000001931980 0.000098983391 0.000098983391 0.000098983391 0.000087655064 0.000087655064 0.000113016999 0.000113016999 0.000101241315 0.000101241315 0.000101241315 0.000077812435 0.000075095414 0.000075095414 0.000075095414 0.000069718649 0.000056389057 0.000056389057 0.000056389057 0.000053767544 0.000053767544 0.000053055515
0.008256851885 0.008256851885 0.008256851885 0.002731644924 0.002731644924 0.002731644924 0.002731644924 0.002517325290 0.001337290938 0.001337290938 0.001337290938 0.001200647496 0.001200647496 0.000000000000 0.000000000000 0.000000000000 0.000000000000 0.000000000000 0.000000000000 0.000000000000 0.000000000000 0.000000000000 0.000000000000 0.000000000000 0.000000000000 0.000000000000 0.000000000000 0.000000000000 0.000002398011 0.000001852998 0.000001852998 0.000001852998 0.000001852998 0.000091586249 0.000091586249 0.000091586249 0.000084139504 0.000084139504 0.000108484254 0.000108484254 0.000097065842 0.000097065842 0.000097065842 0.000074603234 0.000070153233 0.000070153233 0.000070153233 0.000067723500 0.000054775363 0.000054775363 0.000054775363 0.000051880898 0.000051880898 0.000051193854
0.002738786097 0.002738786097 0.002738786097 0.002434620402 0.002434620402 0.002434620402 0.002434620402 0.002243604744 0.002262141510 0.002262141510 0.002262141510 0.002030997492 0.002030997492 0.001694307432 0.001671976077 0.001671976077 0.001671976077 0.001671976077 0.000000000000 0.000000000000 0.000000000000 0.000000000000 0.000000000000 0.000000000000 0.000000000000 0.000000000000 0.000000000000 0.000000000000 0.000000000000 0.000000000000 0.000000000000 0.000000000000 0.000000000000 0.000004548938 0.000004548938 0.000004548938 0.000004179071 0.000004179071 0.000059273101 0.000059273101 0.000053034364 0.000053034364 0.000053034364 0.000072965359 0.000068613055 0.000068613055 0.000068613055 0.000066236665 0.000053464918 0.000053464918 0.000053464918 0.000050639700 0.000050639700 0.000049038512
0.002738786097 0.002738786097 0.002738786097 0.002434620402 0.002434620402 0.002434620402 0.002434620402 0.002243604744 0.002262141510 0.002262141510 0.002262141510 0.002030997492 0.002030997492 0.001694307432 0.001671976077 0.001671976077 0.001671976077 0.001671976077 0.000000000000 0.000000000000 0.000000000000 0.000000000000 0.000000000000 0.000000000000 0.000000000000 0.000000000000 0.000000000000 0.000000000000 0.000000000000 0.000000000000 0.000000000000 0.000000000000 0.000000000000 0.000004548938 0.000004548938 0.000004548938 0.000004179071 0.000004179071 0.000059273101 0.000059273101 0.000053034364 0.000053034364 0.000053034364 0.000072965359 0.000068613055 0.000068613055 0.000068613055 0.000066236665 0.000053464918 0.000053464918 0.000053464918 0.000050639700 0.000050639700 0.000049038512
0.002738786097 0.002738786097 0.002738786097 0.002434620402 0.002434620402 0.002434620402 0.002434620402 0.002243604744 0.002262141510 0.002262141510 0.002262141510 0.002030997492 0.002030997492 0.001694307432 0.001671976077 0.001671976077 0.001671976077 0.001671976077 0.000000000000 0.000000000000 0.000000000000 0.000000000000 0.000000000000 0.000000000000 0.000000000000 0.000000000000 0.000000000000 0.000000000000 0.000000000000 0.000000000000 0.000000000000 0.000000000000 0.000000000000 0.000004548938 0.000004548938 0.000004548938 0.000004179071 0.000004179071 0.000059273101 0.000059273101 0.000053034364 0.000053034364 0.000053034364 0.000072965359 0.000068613055 0.000068613055 0.000068613055 0.000066236665 0.000053464918 0.000053464918 0.000053464918 0.000050639700 0.000050639700 0.000049038512
0.002557271433 0.002557271433 0.002557271433 0.002355377249 0.002355377249 0.002355377249 0.002355377249 0.002073797951 0.002090931765 0.002090931765 0.002090931765 0.001842037875 0.001842037875 0.001536672731 0.001586281542 0.001586281542 0.001586281542 0.001586281542 0.000000000000 0.000000000000 0.000000000000 0.000000000000 0.000000000000 0.000000000000 0.000000000000 0.000000000000 0.000000000000 0.000000000000 0.000000000000 0.000000000000 0.000000000000 0.000000000000 0.000000000000 0.000004330375 0.000004330375 0.000004330375 0.000003965341 0.000003965341 0.000056241708 0.000056241708 0.000049205243 0.000049205243 0.000049205243 0.000067697204 0.000066553506 0.000066553506 0.000066553506 0.000063276223 0.000051075308 0.000051075308 0.000051075308 0.000048420681 0.000048420681 0.000046889656
0.002557271433 0.002557271433 0.002557271433 0.002355377249 0.002355377249 0.002355377249 0.002355377249 0.002073797951 0.002090931765 0.002090931765 0.002090931765 0.001842037875 0.001842037875 0.001536672731 0.001586281542 0.001586281542 0.001586281542 0.001586281542 0.000000000000 0.000000000000 0.000000000000 0.000000000000 0.000000000000 0.000000000000 0.000000000000 0.000000000000 0.000000000000 0.000000000000 0.000000000000 0.000000000000 0.000000000000 0.000000000000 0.000000000000 0.000004330375 0.000004330375 0.000004330375 0.000003965341 0.000003965341 0.000056241708 0.000056241708 0.000049205243 0.000049205243 0.000049205243 0.000067697204 0.000066553506 0.000066553506 0.000066553506 0.000063276223 0.000051075308 0.000051075308 0.000051075308 0.000048420681 0.000048420681 0.000046889656
0.002489626603 0.002489626603 0.002489626603 0.004882105979 0.004882105979 0.004882105979 0.004882105979 0.004298462753 0.008511926845 0.008511926845 0.008511926845 0.007498710337 0.007498710337 0.008956034657 0.009245164683 0.009245164683 0.009245164683 0.009245164683 0.000002732684 0.000002732684 0.000002732684 0.000002732684 0.000003584174 0.000000000000 0.000000000000 0.000000000000 0.000000000000 0.000000000000 0.000000000000 0.000000000000 0.000000000000 0.000000000000 0.000000000000 0.000000000000 0.000000000000 0.000000000000 0.000000000000 0.000000000000 0.000002473998 0.000002473998 0.000002164474 0.000002164474 0.000002164474 0.000132391382 0.000130154720 0.000130154720 0.000130154720 0.000123745533 0.000183960367 0.000183960367 0.000183960367 0.000174399070 0.000174399070 0.000170687823
0.002489626603 0.002489626603 0.002489626603 0.004882105979 0.004882105979 0.004882105979 0.004882105979 0.004298462753 0.008511926845 0.008511926845 0.008511926845 0.007498710337 0.007498710337 0.008956034657 0.009245164683 0.009245164683 0.009245164683 0.009245164683 0.000002732684 0.000002732684 0.000002732684 0.000002732684 0.000003584174 0.000000000000 0.000000000000 0.000000000000 0.000000000000 0.000000000000 0.000000000000 0.000000000000 0.000000000000 0.000000000000 0.000000000000 0.000000000000 0.000000000000 0.000000000000 0.000000000000 0.000000000000 0.000002473998 0.000002473998 0.000002164474 0.000002164474 0.000002164474 0.000132391382 0.000130154720 0.000130154720 0.000130154720 0.000123745533 0.000183960367 0.000183960367 0.000183960367 0.000174399070 0.000174399070 0.000170687823
0.002391074769 0.002391074769 0.002391074769 0.004523648524 0.004523648524 0.004523648524 0.004523648524 0.004052667319 0.008025196386 0.008025196386 0.008025196386 0.007407668949 0.007407668949 0.008847299983 0.008567725129 0.008567725129 0.008567725129 0.008567725129 0.000002205366 0.000002205366 0.000002205366 0.000002205366 0.000002276915 0.000000000000 0.000000000000 0.000000000000 0.000000000000 0.000000000000 0.000000000000 0.000000000000 0.000000000000 0.000000000000 0.000000000000 0.000000000000 0.000000000000 0.000000000000 0.000000000000 0.000000000000 0.000002374439 0.000002374439 0.000002201264 0.000002201264 0.000002201264 0.000134641704 0.000125265849 0.000125265849 0.000125265849 0.000119804282 0.000178101294 0.000178101294 0.000178101294 0.000172731414 0.000172731414 0.000169055655
