examples/build_demonstration_server/impact_modelling_data/impact/Earthquake_Fatalities_Lembang.asc
ncols         598
nrows         336
xllcorner     105.300000000000
yllcorner     -8.375000000000
cellsize      0.008333333333
NODATA_value  -9999
[rows 230 to 252 of 336, columns 318 to 370 of 598]
0.039045553231 0.037585316657 0.036077003914 0.034956895428 0.034236831667 0.049243636995 0.048954290739 0.048625690528 0.047500839681 0.046040376953 0.057258758972 0.057237937285 0.057361999276 0.056708382372 0.054874350557 0.039534973009 0.038138837875 0.036840329112 0.035563577833 0.034787450590 0.031383837317 0.032137992060 0.033159828968 0.033663811915 0.033510860856 0.037717077083 0.036411927365 0.034779885823 0.033170357209 0.031550621109 0.026554594679 0.025677837254 0.025011839134 0.024417828046 0.023857975777 0.021370753229 0.021100500115 0.020878486103 0.020336640946 0.019383646414 0.008415447063 0.007740053565 0.007123755395 0.006775744286 0.006711412058 0.003234886866 0.003288070485 0.003266156901 0.003201452911 0.003156821319 0.004510141429 0.004499814085 0.004495089627
0.026456370300 0.025439855414 0.024492745075 0.023889764760 0.023599998274 0.030735035291 0.030502386579 0.030212394179 0.029674473677 0.029008802209 0.023288892563 0.023066246554 0.022877839709 0.022558440269 0.021958357564 0.021998268902 0.021262325148 0.020559423718 0.019892778215 0.019457333761 0.025096474468 0.025454913330 0.026096839831 0.026544339155 0.026747714524 0.027037531948 0.026451435314 0.025304301671 0.023985678048 0.022604184583 0.021511006305 0.020832996292 0.020356708944 0.019852494257 0.019331464173 0.019896019115 0.019519840538 0.019216565807 0.018739749319 0.017965005761 0.009706245457 0.008898006512 0.008083400288 0.007565856467 0.007479190522 0.005416695232 0.005666512946 0.005757862924 0.005682434947 0.005562259948 0.005649349317 0.005612689401 0.005628110963
0.024765242743 0.024009844584 0.023365453220 0.023048860020 0.022989490880 0.029974209061 0.029498786736 0.028818831039 0.028123754910 0.027503488919 0.022148240894 0.021928686893 0.021805015734 0.021678934280 0.021310859674 0.021443574402 0.020758005953 0.020190195621 0.019753459458 0.019410246922 0.024795970286 0.024601802397 0.024634668293 0.024672777006 0.024739906894 0.025205396732 0.025046360747 0.024366173445 0.023364243750 0.022138806427 0.021195515360 0.020633166926 0.020249180103 0.019685261974 0.019041114673 0.019431755220 0.019003108911 0.018755351961 0.018443898330 0.017829420251 0.009682994533 0.008836058092 0.007927249214 0.007270063056 0.007072659264 0.005091901021 0.005383249344 0.005562111198 0.005564182167 0.005461233468 0.005527608869 0.005467962887 0.005471801337
0.022930765252 0.022634173368 0.022433787607 0.022531937886 0.022776235932 0.029743469257 0.028942068106 0.027739453869 0.026677920328 0.025886767688 0.020842456493 0.020734912451 0.020863737537 0.021059919209 0.020917214264 0.021071199309 0.020345736099 0.019852663556 0.019609556745 0.019352630238 0.024512958175 0.023847664722 0.023323279151 0.022845515460 0.022401345422 0.022538702461 0.022444243844 0.022298502616 0.021995825013 0.021392416363 0.020900676151 0.020591603295 0.020332007984 0.019681808780 0.018880878821 0.019115386635 0.018737885091 0.018716129435 0.018680465661 0.018185506632 0.009851226769 0.008909531307 0.007915453819 0.007153581335 0.006830892603 0.004827736079 0.005076742957 0.005286039639 0.005361892783 0.005306344743 0.005379007982 0.005294240608 0.005254295151
0.021374217294 0.021485077166 0.021648022466 0.022091879321 0.022541846431 0.029410311205 0.028307236427 0.026718418148 0.025348464830 0.024355491537 0.019563638168 0.019560959592 0.019911032578 0.020325144935 0.020310843463 0.020459073327 0.019706098674 0.019218389539 0.019019494672 0.018787414451 0.023727964497 0.022954477041 0.022258668438 0.021519882533 0.020599835706 0.020194281117 0.019801403062 0.019877359277 0.020177891534 0.020268773706 0.020255896172 0.020173443094 0.019995291943 0.019324434441 0.018491484049 0.018728847215 0.018534820443 0.018827597732 0.019084575464 0.018664346300 0.010051564601 0.009026501400 0.008002405444 0.007212053762 0.006801733491 0.004713313150 0.004886578303 0.005087735803 0.005209119345 0.005193412332 0.005266483649 0.005142228446 0.005043378986
0.020130296744 0.020506193344 0.020892170713 0.021536022328 0.022027386462 0.028619815297 0.027289783406 0.025505217041 0.023935699169 0.022757305471 0.018208498597 0.018272381931 0.018765951159 0.019269141904 0.019326716769 0.019514385394 0.018823866355 0.018318326418 0.018035011859 0.017766110867 0.022484917461 0.021891707826 0.021325392128 0.020581135419 0.019429352452 0.018637927395 0.017946275488 0.018036712412 0.018658394544 0.019184377732 0.019414255316 0.019387877119 0.019209346513 0.018606430526 0.017908455432 0.018352617291 0.018509399534 0.019205735568 0.019728610127 0.019268829779 0.010264932915 0.009155882176 0.008151417218 0.007412190440 0.006981792235 0.004773542923 0.004869165842 0.005037840309 0.005173727540 0.005172864232 0.005224779886 0.005041286140 0.004881579290
0.014151112511 0.014414325604 0.014634984278 0.015023887091 0.015276967547 0.013795996955 0.013181924069 0.012375127302 0.011614032304 0.010997353228 0.024403303192 0.024481429535 0.025159585468 0.025781816101 0.025913679149 0.021487007057 0.020909900203 0.020367980563 0.019913441019 0.019514625403 0.017063600396 0.016732971902 0.016416211436 0.015930280200 0.015067000951 0.013160609919 0.012559278208 0.012569573660 0.013050641792 0.013487301509 0.012778034657 0.012650771409 0.012476421609 0.012160848316 0.011878427691 0.013586113096 0.014025227263 0.014786080821 0.015205911804 0.014674958236 0.006791201539 0.006052112017 0.005456708176 0.005049424446 0.004794710150 0.004193582128 0.004223786953 0.004337614387 0.004455924839 0.004455052631 0.004984057856 0.004740869810 0.004534600497
0.013539861166 0.013643264149 0.013650329766 0.013828519389 0.013967735046 0.012688521989 0.012283661186 0.011687214901 0.011037967454 0.010456427658 0.023179908703 0.023218474098 0.023807337677 0.024338023898 0.024566059613 0.020600029839 0.020254887953 0.019753723539 0.019172178271 0.018686345819 0.016345908044 0.016082566971 0.015809476159 0.015386685667 0.014661101899 0.012907070190 0.012346331743 0.012331851901 0.012766088559 0.013134562728 0.012313283493 0.012048853924 0.011833265184 0.011613928116 0.011523291992 0.013435989544 0.014116955431 0.014941743996 0.015183351052 0.014360256835 0.006573005440 0.005884996006 0.005397723317 0.005092277262 0.004894048990 0.004280832873 0.004275620188 0.004354434706 0.004459381990 0.004449899124 0.004952080675 0.004666817735 0.004431318411
0.012959822309 0.012856248248 0.012605726463 0.012546640486 0.012606319804 0.011583931061 0.011443952301 0.011105595414 0.010635048139 0.010162672189 0.022585341663 0.022535939824 0.022918381568 0.023318436023 0.023635874785 0.020057728425 0.019913313208 0.019468586971 0.018843499500 0.018381248060 0.016160396333 0.015959566643 0.015654298445 0.015170442702 0.014473654700 0.012824781123 0.012315122931 0.012257910463 0.012570272874 0.012789215880 0.011852204624 0.011498221925 0.011282210256 0.011145305160 0.011189374022 0.013172071038 0.013873857558 0.014496402772 0.014414215699 0.013390160914 0.006131843549 0.005577191363 0.005225880414 0.005015187383 0.004868447466 0.004265387236 0.004236167157 0.004274554635 0.004343116362 0.004318409997 0.004806056011 0.004538303165 0.004317479131
0.012447540256 0.012229448091 0.011858958062 0.011676956684 0.011690955197 0.010809212930 0.010812832735 0.010636857177 0.010312066041 0.009956008030 0.022206319364 0.022073761212 0.022245311360 0.022500939034 0.022810664956 0.019475356638 0.019489090667 0.019239854236 0.018848700839 0.018675994210 0.016674399257 0.016603949267 0.016219817883 0.015493962971 0.014570871711 0.012813166352 0.012272211588 0.012160726533 0.012364544735 0.012470345652 0.011493610354 0.011133686818 0.010940779520 0.010829740579 0.010878809171 0.012737221100 0.013246566307 0.013570121167 0.013266164067 0.012263100817 0.005680217098 0.005267108382 0.005023767816 0.004874268192 0.004757719304 0.004170837214 0.004118775955 0.004108588738 0.004122381622 0.004084696507 0.004582912888 0.004397093477 0.004232812743
0.011999262791 0.011772830762 0.011420351256 0.011212241472 0.011182116935 0.010311856452 0.010337148175 0.010239681344 0.010034016179 0.009798818561 0.021949459718 0.021725832781 0.021658770679 0.021698217075 0.021865819408 0.018679131061 0.018898023503 0.019089725131 0.019266463844 0.019620205368 0.017874974139 0.017987973920 0.017531999753 0.016448467349 0.015070853554 0.012955263792 0.012255589744 0.012055037577 0.012171255118 0.012205297732 0.011229303883 0.010896885392 0.010718372332 0.010594291331 0.010574307409 0.012222488669 0.012479630264 0.012571035925 0.012202213480 0.011347053679 0.005331636626 0.005020936478 0.004842270166 0.004726329650 0.004623614147 0.004051176382 0.003978714692 0.003928126991 0.003899827873 0.003870072160 0.004412898026 0.004339231624 0.004245137661
0.007910258939 0.007804605557 0.007638610074 0.007520099890 0.007463831210 0.008022630106 0.007990853815 0.007912842909 0.007794345911 0.007665469644 0.015946349357 0.015753487165 0.015601479019 0.015491485136 0.015473382852 0.015233376354 0.015663729270 0.016376168864 0.017168826096 0.017893971838 0.032150364267 0.032480006733 0.031752113537 0.029538002665 0.026440968523 0.011088289427 0.010285373659 0.010037721368 0.010129927710 0.010177883057 0.011289479822 0.010949749897 0.010731579204 0.010574286416 0.010516067962 0.014277783514 0.014441591261 0.014433266867 0.013981168050 0.013042860596 0.003946423435 0.003734707214 0.003620127591 0.003552140762 0.003482568452 0.003100686652 0.003024998796 0.002962548555 0.002930941543 0.002940110976 0.003299142573 0.003331967453 0.003302942168
0.007661982842 0.007625441216 0.007527963449 0.007422301169 0.007317761863 0.007783339400 0.007694914781 0.007603532578 0.007515534570 0.007439314450 0.015578298041 0.015433097343 0.015260916103 0.015044251845 0.014908047081 0.014668223957 0.015374773596 0.016635559752 0.017969722344 0.018855742795 0.033552714193 0.033714042020 0.033206749375 0.031059631527 0.027507252932 0.011252602069 0.010202180435 0.009832588360 0.009891212131 0.009946492642 0.011031602113 0.010679849627 0.010447335053 0.010344225009 0.010413126106 0.014305225548 0.014537162161 0.014453321509 0.013880414848 0.012823950705 0.003855527329 0.003646404864 0.003553615402 0.003514653260 0.003455408662 0.003065257203 0.002964368192 0.002886098829 0.002866508491 0.002927579280 0.003372539013 0.003477354876 0.003465727572
0.007470748801 0.007495235396 0.007438969734 0.007322209533 0.007151846615 0.007522017274 0.007371662148 0.007249014802 0.007178376657 0.007162498874 0.015199315733 0.015205902119 0.015105498463 0.014828791714 0.014636867391 0.014447064113 0.015438257572 0.017159315142 0.018859636112 0.019687550157 0.034378583034 0.034132299365 0.033779527282 0.031915229069 0.028230092444 0.011358616817 0.010082209100 0.009568603024 0.009560131519 0.009600017025 0.010634419689 0.010267791514 0.010036321587 0.010038769728 0.010356071899 0.014625744137 0.015121606363 0.014972812033 0.014140876899 0.012804540495 0.003811305664 0.003613279649 0.003560175075 0.003557506370 0.003496959548 0.003072292153 0.002931013656 0.002834882725 0.002833421409 0.002945944671 0.003466725004 0.003614108783 0.003598719691
0.007339972300 0.007396818378 0.007354111263 0.007208932066 0.006965844657 0.007242070111 0.007026173881 0.006860474674 0.006803702668 0.006862889582 0.014847331041 0.015076892192 0.015109199282 0.014839344227 0.014702037605 0.014650864263 0.015928508088 0.017981528986 0.019910036951 0.020713458237 0.035805276728 0.035194836215 0.034647318907 0.032707019949 0.028835665964 0.011478810682 0.010015722594 0.009349704042 0.009250586670 0.009272402524 0.010291896167 0.009940457613 0.009702594351 0.009755307434 0.010255409304 0.014879883483 0.015691129172 0.015525997947 0.014445515738 0.012888781435 0.003834472371 0.003677275970 0.003667144962 0.003671069915 0.003569907454 0.003087721550 0.002910290209 0.002807603530 0.002825282775 0.002967356847 0.003520600486 0.003674030087 0.003660848256
0.007193663850 0.007214108412 0.007156430759 0.006998409387 0.006728290647 0.006945994570 0.006682072028 0.006471098398 0.006409343231 0.006511693114 0.014289513406 0.014690749807 0.014871333192 0.014754597288 0.014863699165 0.015113830845 0.016706840850 0.018987247288 0.021054248545 0.021941997454 0.037937612959 0.036987886018 0.035849082650 0.033453725877 0.029392255769 0.011690617596 0.010123178954 0.009341866031 0.009179493999 0.009218738121 0.010285941726 0.009922036037 0.009577365096 0.009522190361 0.010009335043 0.014761911863 0.015843909103 0.015813498462 0.014674059124 0.013131281909 0.003968377524 0.003889296234 0.003914469297 0.003876167118 0.003688322599 0.003134523172 0.002939497741 0.002845887957 0.002878073647 0.003018843854 0.003562215019 0.003706566171 0.003731067376
0.005898496140 0.005862890593 0.005797077437 0.005675169962 0.005474780853 0.005376029049 0.005168689927 0.004992754844 0.004935262524 0.005013375791 0.010468892134 0.010825814705 0.011078680400 0.011216194807 0.011566393694 0.022183561019 0.024648568324 0.027848772103 0.030749727747 0.032223939037 0.033206567793 0.032152080078 0.030529474870 0.028066526149 0.024711905927 0.011914605684 0.010365167617 0.009502822610 0.009260649216 0.009302877083 0.012926789347 0.012474736616 0.011880000131 0.011584146114 0.011994607195 0.013284880467 0.014378809381 0.014522788171 0.013604800620 0.012454530402 0.006729776099 0.006775370201 0.006825010247 0.006597465451 0.006117208991 0.003342835064 0.003173064253 0.003124677557 0.003186997894 0.003319420021 0.003644353681 0.003775313101 0.003861223156
0.005576839398 0.005496786969 0.005420701077 0.005328922515 0.005194446182 0.005151616679 0.004990346680 0.004840904226 0.004777462850 0.004825527962 0.009998044331 0.010376297321 0.010761237255 0.011162379984 0.011685273147 0.022425041387 0.024461834090 0.027098102368 0.029740948428 0.031477699307 0.032752251352 0.031448419284 0.029199988620 0.026479715460 0.023555671279 0.011669043954 0.010361841773 0.009527566982 0.009196018660 0.009163054224 0.012709678027 0.012278213871 0.011634131061 0.011241475840 0.011513838015 0.012721329429 0.013750233829 0.013958471511 0.013204899802 0.012414678649 0.006937566594 0.007157130218 0.007202652642 0.006819033416 0.006225373653 0.003419042740 0.003327899687 0.003362862813 0.003473718977 0.003598408082 0.003898731172 0.004021126418 0.004159631538
0.005235112541 0.005157471079 0.005092162889 0.005029365363 0.004949684376 0.004961937232 0.004858137669 0.004754306834 0.004697313630 0.004725163215 0.009744647261 0.010221226497 0.010807659834 0.011441622575 0.011919083086 0.022165912616 0.023011104942 0.024562524141 0.026750556442 0.028791646131 0.030469540511 0.029154513081 0.026545201350 0.023734066311 0.021306953164 0.010852085728 0.009903274488 0.009208530313 0.008845676011 0.008729937775 0.012067567061 0.011726604857 0.011204570657 0.010885196952 0.011127968382 0.012234378664 0.013123772043 0.013285804229 0.012628547269 0.012049670161 0.006850325550 0.007129315858 0.007153035326 0.006703601029 0.006112819703 0.003407431805 0.003419357295 0.003569359639 0.003765977569 0.003919667404 0.004219357160 0.004330669475 0.004478839937
0.004949271397 0.004895384195 0.004856530743 0.004827560880 0.004788805150 0.004837937879 0.004770354198 0.004693812611 0.004638938822 0.004660550682 0.009650887876 0.010307595806 0.011147010916 0.011942285497 0.012204245715 0.021602877082 0.021041106853 0.021415011791 0.022994249391 0.025091624266 0.027017551041 0.025878124138 0.023260300808 0.020594225237 0.018656436824 0.009740465689 0.009155754651 0.008685923872 0.008411754443 0.008290653627 0.011458509310 0.011204642572 0.010839612401 0.010641288393 0.010921038511 0.011960954999 0.012770509687 0.012882678045 0.012229131711 0.011576299558 0.006496157472 0.006663420681 0.006661268355 0.006284885604 0.005822093079 0.003310710501 0.003404225687 0.003641211076 0.003903749700 0.004085796099 0.004391934685 0.004505138799 0.004650425163
0.004726845398 0.004703688162 0.004702822794 0.004716894687 0.004712527046 0.004783609735 0.004729203605 0.004656364718 0.004596177540 0.004619096999 0.009659594799 0.010503138218 0.011563362728 0.012410744754 0.012432417041 0.021082720772 0.019452047817 0.018841312710 0.019656033786 0.021348338183 0.023154593187 0.022318546300 0.020127314933 0.017960543291 0.016585227799 0.008878220432 0.008564365785 0.008286184978 0.008142144438 0.008083720059 0.011218698901 0.010997545627 0.010691229931 0.010530810397 0.010823402493 0.011820782064 0.012641671450 0.012782386609 0.012113100103 0.011212802996 0.006067937668 0.006017833524 0.005971208351 0.005736985709 0.005467642019 0.003181575025 0.003316867919 0.003573669224 0.003826779034 0.003984156137 0.004264292649 0.004391727970 0.004562410662
0.006155345433 0.006155747104 0.006208128380 0.006295219597 0.006339734308 0.006145768808 0.006077274297 0.005969511277 0.005877544103 0.005908477408 0.007952160904 0.008734357102 0.009663572638 0.010261837795 0.010115941493 0.011669664766 0.010476314059 0.009774866721 0.009805877400 0.010352443527 0.013366773912 0.012954773003 0.011898982334 0.010933481480 0.010471391619 0.011744835334 0.011679672459 0.011530393192 0.011447680750 0.011368297537 0.007819338609 0.007600318047 0.007368348589 0.007283921696 0.007535263092 0.006746254785 0.007248481769 0.007356043445 0.006953319234 0.006287018632 0.005016413431 0.004797175307 0.004727277743 0.004662596393 0.004621480451 0.002819360095 0.002949789561 0.003125881700 0.003252248688 0.003294227352 0.004309403676 0.004447782992 0.004679354439
0.005931157855 0.005942850022 0.006012896856 0.006124121918 0.006188574873 0.006016148942 0.005963703060 0.005872610579 0.005794303213 0.005840134276 0.007899974390 0.008677529345 0.009514154781 0.009900341586 0.009611869337 0.011018398033 0.009864278601 0.009045821442 0.008763084965 0.008904516779 0.011248133632 0.010966795181 0.010375167019 0.009949990736 0.009980403883 0.011689321881 0.012024504147 0.012082992358 0.011978811877 0.011713229728 0.007884458852 0.007541109362 0.007270042110 0.007232088763 0.007544578947 0.006799986447 0.007337433287 0.007499089589 0.007122266515 0.006392145185 0.004981963169 0.004643159981 0.004552433214 0.004602535447 0.004739571877 0.002964778164 0.003088958042 0.003181242108 0.003179813140 0.003103265868 0.003952952341 0.004032271023 0.004244655757
