examples/build_demonstration_server/impact_modelling_data/impact/Earthquake_Fatalities_Lembang.asc
ncols         598
nrows         336
xllcorner     105.300000000000
yllcorner     -8.375000000000
cellsize      0.008333333333
NODATA_value  -9999
[rows 46 to 68 of 336, columns 106 to 158 of 598]
-9999 -9999 -9999 -9999 -9999 -9999 -9999 -9999 0.001032482885 0.001039042139 0.001044963203 0.001052618046 0.000698070061 0.000704417713 -9999 -9999 -9999 -9999 -9999 -9999 -9999 -9999 -9999 -9999 -9999 -9999 -9999 -9999 -9999 -9999 -9999 -9999 -9999 -9999 -9999 -9999 -9999 -9999 -9999 -9999 -9999 -9999 -9999 -9999 -9999 -9999 -9999 -9999 -9999 -9999 -9999 -9999 -9999
-9999 -9999 -9999 0.000724657345 -9999 -9999 -9999 -9999 0.005860914112 0.005891936369 0.005930179153 0.005976669363 0.004909149347 0.004953524005 0.004998444139 0.005041937496 -9999 -9999 -9999 -9999 -9999 -9999 -9999 -9999 -9999 -9999 -9999 -9999 -9999 -9999 -9999 -9999 -9999 -9999 -9999 -9999 -9999 -9999 -9999 -9999 -9999 -9999 -9999 -9999 -9999 -9999 -9999 -9999 -9999 -9999 -9999 -9999 -9999
-9999 -9999 -9999 -9999 -9999 -9999 -9999 -9999 0.005888325983 0.005918151047 0.005960509502 0.006009692770 0.004937415009 0.004982146425 0.005027492833 0.005072318615 0.005116317953 0.001895723039 -9999 -9999 -9999 -9999 -9999 -9999 -9999 -9999 -9999 -9999 -9999 -9999 -9999 -9999 -9999 -9999 -9999 -9999 -9999 -9999 -9999 -9999 -9999 -9999 -9999 -9999 -9999 -9999 -9999 -9999 -9999 -9999 -9999 -9999 -9999
-9999 -9999 -9999 -9999 -9999 -9999 -9999 -9999 0.005913771739 0.005947809042 0.005993052539 0.006043952411 0.004966140904 0.005011154010 0.005056791486 0.005102566206 0.005148689192 0.001908948353 0.001927724932 0.001947952727 0.001967615944 0.001986540274 -9999 0.000559776197 0.000563054660 -9999 -9999 -9999 -9999 -9999 -9999 -9999 -9999 -9999 -9999 -9999 -9999 -9999 -9999 -9999 -9999 -9999 -9999 -9999 -9999 -9999 -9999 -9999 -9999 -9999 -9999 -9999 -9999
-9999 -9999 -9999 -9999 -9999 -9999 -9999 -9999 0.005937834578 0.005977769132 0.006025985974 0.006078407358 0.004994825541 0.005040163343 0.005086016046 0.005132274912 0.005179259230 0.001920430528 0.001938778665 0.001957488460 0.001975922197 0.001994096450 0.000557389059 0.000561728718 -9999 -9999 -9999 -9999 -9999 -9999 -9999 -9999 -9999 -9999 -9999 -9999 -9999 -9999 -9999 -9999 -9999 -9999 -9999 -9999 -9999 -9999 -9999 -9999 -9999 -9999 -9999 -9999 -9999
-9999 -9999 -9999 -9999 -9999 -9999 0.000765114224 0.000769614233 0.005961950683 0.006008072944 0.006059158721 0.006112993329 0.005023503897 0.005069373147 0.005115792565 0.005162714355 0.005210200271 0.001931746178 0.001949758119 0.001968034847 0.001986397900 0.002004739275 0.000560394509 0.000564770255 -9999 -9999 -9999 -9999 -9999 -9999 -9999 -9999 -9999 -9999 -9999 -9999 -9999 -9999 -9999 -9999 -9999 -9999 -9999 -9999 -9999 -9999 -9999 -9999 -9999 -9999 -9999 -9999 -9999
-9999 -9999 -9999 -9999 -9999 0.003622049451 0.003641661405 0.003666886632 0.011380003546 0.011477355386 0.011579416470 0.011684259820 0.012543570954 0.012658795989 0.012775393798 0.012893327620 0.013012642444 0.007227609710 0.007294806126 0.007362753297 0.007431468502 0.007500544184 0.006459562067 0.006512292008 -9999 -9999 -9999 -9999 -9999 -9999 -9999 -9999 -9999 -9999 -9999 -9999 -9999 -9999 -9999 -9999 -9999 -9999 -9999 -9999 -9999 -9999 -9999 -9999 -9999 -9999 -9999 -9999 -9999
0.003597707663 -9999 -9999 -9999 -9999 0.003629476942 0.003653738247 0.003682449046 0.011435283454 0.011538031831 0.011643185481 0.011749976187 0.012614795091 0.012731396184 0.012849322457 0.012968660113 0.013089414156 0.007270655434 0.007338660263 0.007407451717 0.007477055976 0.007547298126 0.006501475228 0.006557857617 -9999 -9999 -9999 -9999 -9999 -9999 -9999 -9999 -9999 -9999 -9999 -9999 -9999 -9999 -9999 -9999 -9999 0.011139912167 -9999 -9999 -9999 -9999 -9999 -9999 -9999 -9999 -9999 -9999 -9999
-9999 0.003643412570 0.003670683362 0.003583214659 0.003612611586 0.003640714899 0.003669076084 0.003700305374 0.011494913589 0.011600418809 0.011707430911 0.011815720892 0.012686002953 0.012803947054 0.012923278013 0.013044000187 0.013166188100 0.007313714989 0.007382549011 0.007452190309 0.007522657539 0.007593921074 0.006543058377 0.006602866138 0.006663099409 -9999 -9999 -9999 -9999 -9999 -9999 -9999 -9999 -9999 -9999 -9999 -9999 -9999 -9999 -9999 0.011055139254 0.011194408993 0.006781308687 -9999 -9999 -9999 -9999 -9999 -9999 -9999 -9999 0.008243962663 0.025524774873
0.003619111425 0.003650481628 0.003679446283 0.003592333619 0.003623471714 0.003654731144 0.003686319397 0.003719413885 0.011556758354 0.011663704570 0.011771904910 0.011881401314 0.012757244299 0.012876511898 0.012997214307 0.013119370944 0.013242973183 0.007356793461 0.007426438069 0.007496926433 0.007568270047 0.007640447882 0.006584125645 0.006646277888 0.006709440277 0.006774137658 0.006842071343 -9999 -9999 -9999 -9999 -9999 -9999 -9999 -9999 -9999 -9999 -9999 -9999 0.010993238477 0.011114427720 0.011286647079 0.006856615781 0.007006104794 0.007175912417 -9999 -9999 -9999 0.007796863030 0.007961688574 0.008126224948 0.008301937596 0.025768146972
0.003630146420 0.003661702364 0.003692884695 0.003606314053 0.003638736990 0.003671604602 0.003704880067 0.003738957030 0.011618811565 0.011726909060 0.011836303471 0.011947037865 0.012828377962 0.012949044724 0.013071126154 0.013194725528 0.013319750116 0.007399864441 0.007470372279 0.007541697149 0.007613914770 0.007686971943 0.006624798657 0.006688500987 0.006753242072 0.006819207956 0.006886562200 0.002040363598 0.002061645404 0.002084016218 0.002105557372 0.002125776573 -9999 -9999 -9999 -9999 -9999 -9999 0.010937989154 0.011061124835 0.011218156603 0.011427537435 0.006961966098 0.007129460683 0.007312897209 0.007515623289 0.007740868151 0.007650657116 0.007850022513 0.008029291181 0.008210905663 0.008403897763 0.026147057132
0.012328087082 0.012438205496 0.012549428342 0.007372657227 0.007440318661 0.007508914308 0.007578417998 0.007648925036 0.013130394081 0.013253235324 0.013377597873 0.013503416283 0.020627208210 0.020822301752 0.021019735176 0.021219630802 0.021421954471 0.013438683840 0.013567485807 0.013697859281 0.013829811014 0.013963362452 0.018101249118 0.018276830926 0.018454648887 0.018634914487 0.018818350013 0.016304509862 0.016470466675 0.016637952508 0.016802952874 0.016966104572 0.010857743986 -9999 -9999 -9999 -9999 -9999 0.039433037534 0.040056652926 0.040783691319 0.041662210808 0.031526328282 0.032320880750 0.033163472344 0.034051043020 0.034970036095 0.030431170445 0.031207300922 0.031981254989 0.032770652261 0.033588264267 0.086172147928
0.012382301971 0.012495430707 0.012609930249 0.007409184198 0.007477884759 0.007547416102 0.007617813985 0.007689082352 0.013199978961 0.013324169596 0.013449845192 0.013577083793 0.020740804319 0.020938092136 0.021137821854 0.021339981843 0.021544674482 0.013516421909 0.013646771836 0.013778673620 0.013912237225 0.014047441146 0.018211315028 0.018389203735 0.018569227341 0.018751374370 0.018935895517 0.016404527971 0.016568259097 0.016734036115 0.016901291048 0.017070144635 0.010926768837 0.011038779006 0.011154609930 0.011282428883 0.011425551916 0.039085683430 0.039750935349 0.040528963736 0.041401597553 0.042381107634 0.032108257897 0.032931142036 0.033782920435 0.034662922254 0.035569575682 0.030941770621 0.031739818124 0.032552876678 0.033387227128 0.034248201090 0.087924949685
0.012441026585 0.012555994638 0.012672323343 0.007446346162 0.007515737005 0.007586001702 0.007657152651 0.007729152839 0.013269449979 0.013394953342 0.013522034272 0.013650656700 0.020854267514 0.021053760661 0.021255753349 0.021460257892 0.021667286270 0.013594115228 0.013725977914 0.013859460657 0.013994630723 0.014131451658 0.018321364227 0.018501416399 0.018683777654 0.018868299681 0.019055174032 0.016508232069 0.016672552366 0.016838778473 0.017007225840 0.017178001418 0.010996467755 0.011108907198 0.011224801544 0.011352149649 0.011502172310 0.039405712623 0.040186440495 0.041094757905 0.042085417704 0.043141704563 0.032706876412 0.033553464260 0.034423475011 0.035317593304 0.036236447236 0.031523092315 0.032345716321 0.033190908102 0.034059387009 0.034951712330 0.089757273249
0.012501233215 0.012617324506 0.012734820809 0.007483422334 0.007553538444 0.007624531723 0.007696398068 0.007769149571 0.013338787199 0.013465637761 0.013594058204 0.013724099763 0.020967611220 0.021169320862 0.021373565417 0.021580357673 0.021789780011 0.013671772496 0.013805156360 0.013940229251 0.014077000186 0.014215493177 0.018431408065 0.018613696525 0.018798250339 0.018985202638 0.019174424439 0.016612591750 0.016779045683 0.016947530023 0.017118182275 0.017290756361 0.011068138508 0.011180234352 0.011299350437 0.011438796285 0.011612861146 0.039881822784 0.040767421499 0.041762518661 0.042822655585 0.043927979688 0.033315621886 0.034184767616 0.035078238850 0.035996718075 0.036940866665 0.032142590506 0.032988296719 0.033857594430 0.034751100690 0.035669369530 0.091620822823
0.012561287772 0.012678492806 0.012797174740 0.007520409585 0.007591229544 0.007662937740 0.007735555001 0.007809060898 0.013407999061 0.013536173887 0.013665968714 0.013797421370 0.021080759112 0.021284672887 0.021491225811 0.021700363517 0.021912145840 0.013749314469 0.013884271703 0.014020928578 0.014159309168 0.014299453221 0.018541378978 0.018725896831 0.018912756728 0.019101992083 0.019293657478 0.016716967373 0.016885568929 0.017056272341 0.017228904198 0.017403171616 0.011140705406 0.011256570238 0.011386434494 0.011546923440 0.011750832490 0.040451821930 0.041425121435 0.042482282880 0.043588332416 0.044729924747 0.033932611894 0.034824819444 0.035742245010 0.036685565928 0.037655676455 0.032771458553 0.033640835554 0.034534716545 0.035453904059 0.036398763995 0.093515360500
0.022064914745 0.022271843105 0.022481313288 0.017577477622 0.017743840491 0.017912295257 0.018082929588 0.018255677609 0.017004456169 0.017167929838 0.017333401536 0.017501029751 0.020971289823 0.021175322569 0.021381935066 0.021591233325 0.021803163392 0.019610712594 0.019804346712 0.020000406226 0.020199033303 0.020400178535 0.027006179992 0.027276599956 0.027550523428 0.027827912190 0.028108905653 0.026679898684 0.026950655006 0.027224974493 0.027501497775 0.027780235343 0.028978682509 0.029300117484 0.029684375578 0.030174310150 0.030786364154 0.029739503947 0.030492415547 0.031288343918 0.032111608333 0.032958967281 0.036573108385 0.037542253042 0.038539016489 0.039564360549 0.040618939509 0.098178568276 0.100804768788 0.103505646953 0.106283665250 0.109140913542 0.089546571768
0.022169204631 0.022378116435 0.022589673527 0.017663013757 0.017831025439 0.018001212943 0.018173530247 0.018348046626 0.017091335330 0.017256511807 0.017423787845 0.017593193506 0.021082811139 0.021289067539 0.021497939691 0.021709534603 0.021923868816 0.019720440519 0.019916223298 0.020114616814 0.020315508171 0.020519064382 0.027165219883 0.027438876028 0.027716089426 0.027996942059 0.028281457460 0.026845343812 0.027119635745 0.027397199170 0.027675797393 0.027957737059 0.029175480661 0.029534715264 0.029986456314 0.030561139335 0.031252501829 0.030234196904 0.031022323168 0.031842607175 0.032687238261 0.033556355259 0.037243452819 0.038237968261 0.039261140228 0.040313975804 0.041397214306 0.100080796592 0.102780087111 0.105556810007 0.108413651987 0.111352934894 0.091382380439
0.022273129684 0.022484055033 0.022697657673 0.017748263641 0.017917967903 0.018089778606 0.018263861943 0.018440153130 0.017178015208 0.017344882868 0.017513914795 0.017685104783 0.021194063954 0.021402530579 0.021613718194 0.021827620115 0.022044346368 0.019829912667 0.020027982014 0.020228592368 0.020431824111 0.020637759967 0.027323997937 0.027600995531 0.027881606478 0.028165823547 0.028453850966 0.027010745779 0.027288508317 0.027569215676 0.027851320864 0.028142483543 0.029393386276 0.029807168528 0.030337010505 0.030994178586 0.031752451669 0.030747543540 0.031562385059 0.032403881176 0.033269948047 0.034161099241 0.037922229905 0.038942660085 0.039992858643 0.041073795276 0.042186294312 0.102010277630 0.104783912027 0.107638487637 0.110576033501 0.113599337299 0.093247046981
0.022376704106 0.022589601033 0.022805255360 0.017833238204 0.018004563874 0.018178099401 0.018353896538 0.018531968670 0.017264414412 0.017432960520 0.017603773503 0.017776754577 0.021305037782 0.021515746726 0.021729236924 0.021945479315 0.022164608684 0.019939160649 0.020139484541 0.020342408574 0.020547992709 0.020756298410 0.027482616249 0.027762884921 0.028046851842 0.028334602246 0.028626131652 0.027176091184 0.027457110692 0.027740887758 0.028029636588 0.028339695778 0.029641665106 0.030125286919 0.030737201420 0.031466593082 0.032276070565 0.031272215504 0.032109375612 0.032971768124 0.033859423464 0.034773244978 0.038609288915 0.039656223661 0.040734074472 0.041843682929 0.042986046469 0.103966169101 0.106816291132 0.109750064028 0.112770325638 0.115879653114 0.095140602064
0.022479798257 0.022694768495 0.022912431708 0.017917852899 0.018090881657 0.018266108882 0.018443625229 0.018623484315 0.017350487182 0.017520791946 0.017693355078 0.017868152978 0.021415676299 0.021628659415 0.021844391605 0.022063007221 0.022284502013 0.020048195535 0.020250762972 0.020455946089 0.020663915486 0.020874624482 0.027640972594 0.027924558827 0.028211929731 0.028503111687 0.028798192368 0.027340752355 0.027624420177 0.027911986580 0.028214435640 0.028558629067 0.029930661531 0.030493476202 0.031181773585 0.031967779089 0.032814291152 0.031804037197 0.032662246767 0.033545875198 0.034455657159 0.035392573737 0.039304759199 0.040378715312 0.041484678564 0.042623623946 0.043796368464 0.105948680950 0.108876559085 0.111891572656 0.114996228669 0.118193730471 0.097062744876
0.017900862224 0.018072798898 0.018246953064 0.034409548323 0.034743320356 0.035081605895 0.035424284142 0.035771419371 0.028174979125 0.028452932414 0.028734580653 0.029019948144 0.037315019803 0.037688060139 0.038066092092 0.038449108669 0.038837225454 0.014732950833 0.014882624831 0.015034317941 0.015188012114 0.015343802716 0.028807810442 0.029105142622 0.029406518789 0.029711969126 0.030021427199 0.027022203436 0.027303004325 0.027591799398 0.027911223840 0.028297389970 0.022514482429 0.022993684760 0.023555620868 0.024173144837 0.024823926470 0.049264852520 0.050603648038 0.051982440293 0.053402627684 0.054865488822 0.094771348841 0.097380654462 0.100068330758 0.102836896346 0.105688955500 0.086009119132 0.088405165597 0.090873016004 0.093415652674 0.096034671733 0.169069698918
0.017981834788 0.018155403719 0.018331236292 0.034569929275 0.034906937304 0.035248437267 0.035594420451 0.035945030080 0.028313114944 0.028593837977 0.028878332890 0.029166625588 0.037505589446 0.037882480020 0.038264549623 0.038651671688 0.039044005004 0.014812185149 0.014963512441 0.015116903217 0.015272372849 0.015429920068 0.028971199239 0.029272065214 0.029576878292 0.029885952377 0.030198805414 0.027181890152 0.027465437484 0.027766344602 0.028121221128 0.028570223753 0.022789141010 0.023324311164 0.023926094559 0.024568201437 0.025236312785 0.050092424831 0.051463398241 0.052875852907 0.054330967398 0.055830067427 0.096456797203 0.099132336064 0.101889391926 0.104730184514 0.107657436752 0.087629898653 0.090090754773 0.092626266188 0.095239045815 0.097931602019 0.172448730523
