examples/build_demonstration_server/impact_modelling_data/impact/Earthquake_Fatalities_Lembang.asc
ncols         598
nrows         336
xllcorner     105.300000000000
yllcorner     -8.375000000000
cellsize      0.008333333333
NODATA_value  -9999
[rows 230 to 252 of 336, columns 371 to 423 of 598]
0.004520506982 0.004531196872 0.007153108939 0.007084011563 0.006939738563 0.006653140125 0.006286416111 0.006961478533 0.006693486884 0.006582932575 0.006575401991 0.006519831165 0.009522334691 0.009265588698 0.009134012767 0.009108702124 0.008963940901 0.007878875290 0.007660432087 0.007798161077 0.008338586112 0.009139247558 0.021408215047 0.022434069181 0.022955964563 0.023290283635 0.023491207240 0.024974545462 0.024798124527 0.024518392340 0.024239844872 0.023989058968 0.021786521277 0.021474591883 0.021094049835 0.020658127186 0.020184542162 0.010809831384 0.010541293636 0.010283562306 0.010046458693 0.009840378659 0.019702710491 0.019433999728 0.019214941328 0.019012258223 0.018781974014 0.018746922884 0.018394123303 0.018041091297 0.017739449193 0.017468899387 0.008987849071
0.005704263846 0.005759441080 0.005508904042 0.005526942634 0.005495525438 0.005313385290 0.004999409612 0.003814049565 0.003587685355 0.003450192489 0.003384408565 0.003340523054 0.003103775240 0.003067227545 0.003058741247 0.003067860863 0.003033014134 0.003902690256 0.003810783031 0.003862110503 0.004058818983 0.004312804978 0.008801693420 0.008883239297 0.008852797527 0.008877643991 0.008946475478 0.009549367424 0.009543005448 0.009522712269 0.009541790722 0.009607669402 0.018631277117 0.018706926751 0.018669483009 0.018501584914 0.018205871133 0.019754133237 0.019287773654 0.018838609698 0.018440378821 0.018108528790 0.012590382584 0.012441595443 0.012313704285 0.012192121929 0.012066498304 0.011778382626 0.011635556251 0.011493650305 0.011361323505 0.011229679267 0.011178499046
0.005540692162 0.005605417196 0.005412875214 0.005555234371 0.005700660651 0.005671233938 0.005392739309 0.004071948025 0.003729839396 0.003481550695 0.003338604659 0.003279007698 0.003077952495 0.003082789795 0.003083812268 0.003069072080 0.003013615891 0.003875714363 0.003786835732 0.003794414420 0.003882037970 0.003979071719 0.007853322041 0.007742712027 0.007608615267 0.007561934460 0.007564766219 0.008036363922 0.008032058111 0.008067285543 0.008186279498 0.008392372408 0.016637941733 0.017127659337 0.017528227630 0.017744810110 0.017711129817 0.019350557769 0.018947158803 0.018541634321 0.018195500717 0.017916615528 0.012483175989 0.012350166495 0.012228093312 0.012108988268 0.011990260908 0.011720027327 0.011603549588 0.011488499813 0.011375369524 0.011261136509 0.011250585936
0.005263211478 0.005297815424 0.005151298009 0.005425332910 0.005785866608 0.005981918283 0.005811112028 0.004381066078 0.003934796421 0.003582178428 0.003374091695 0.003306382806 0.003138024765 0.003173948953 0.003159308478 0.003083238322 0.002973758960 0.003797691445 0.003707523120 0.003678518450 0.003679931394 0.003671214444 0.007102244990 0.006923203687 0.006742672105 0.006614366045 0.006513132969 0.006830458047 0.006791950862 0.006841273274 0.007001975665 0.007270782687 0.014660723098 0.015430494993 0.016213604821 0.016841325598 0.017141351315 0.018929614551 0.018625345953 0.018276261479 0.017984110602 0.017751423949 0.012386842677 0.012262754017 0.012143207448 0.012025225078 0.011908261628 0.011641806273 0.011528818801 0.011417196598 0.011306884932 0.011197375562 0.011205796496
0.004987954890 0.004996927032 0.004893307913 0.005261811550 0.005777782828 0.006146215223 0.006090478584 0.004612971908 0.004118713589 0.003707931501 0.003470124657 0.003403075967 0.003251658798 0.003298717887 0.003253955350 0.003112526321 0.002943537082 0.003721916009 0.003625498172 0.003581086625 0.003546437251 0.003496031214 0.006711297363 0.006503587814 0.006284284830 0.006087316014 0.005917961661 0.006150777869 0.006099226280 0.006151797802 0.006309431705 0.006559618339 0.013255833506 0.014059608082 0.015012731728 0.015926358619 0.016534024149 0.018498049649 0.018327007105 0.018047573496 0.017804197337 0.017605167137 0.012295895008 0.012176350986 0.012058291677 0.011941543110 0.011826026109 0.011562239486 0.011450820411 0.011340717649 0.011231889825 0.011124344333 0.011138749839
0.004783255900 0.004782099645 0.004695957980 0.005060479589 0.005573448518 0.005961342459 0.005998688021 0.004620864195 0.004193908923 0.003807075066 0.003582136277 0.003514998294 0.003347943980 0.003369058138 0.003283544040 0.003100705574 0.002900108222 0.003647672031 0.003552375609 0.003513562367 0.003482254797 0.003430727240 0.006585137899 0.006365672124 0.006130498314 0.005913449651 0.005741858342 0.005970128199 0.005926934172 0.005972261645 0.006096075750 0.006279058567 0.012546152404 0.013199445849 0.014103291745 0.015111758982 0.015925438654 0.018059141510 0.018048210606 0.017852257192 0.017648743507 0.017469942540 0.012206685798 0.012089522103 0.011973060313 0.011857872648 0.011744006722 0.011482847993 0.011372996901 0.011264425649 0.011157081821 0.011050961886 0.011066467953
0.004421408036 0.004425846731 0.003917225821 0.004162774454 0.004487856632 0.004719237155 0.004774708349 0.005412423818 0.005054896314 0.004686192800 0.004462825015 0.004381429930 0.002542248430 0.002521391446 0.002431375675 0.002292283031 0.002148616801 0.001673238157 0.001635248433 0.001626671575 0.001624221623 0.001608265333 0.001500538790 0.001451074417 0.001401461445 0.001359708103 0.001331697145 0.001354035054 0.001347975298 0.001353672990 0.001368671985 0.001388717530 0.006213265659 0.006422260490 0.006782078231 0.007258420206 0.007715051509 0.014315749706 0.014461850509 0.014391323906 0.014257613685 0.014121368754 0.011867427778 0.011754123914 0.011641702558 0.011530566132 0.011420637263 0.009735612031 0.009643115478 0.009551702073 0.009461317171 0.009371957986 0.012553296668
0.004310335555 0.004311534554 0.003785593333 0.003930708447 0.004102576863 0.004205734928 0.004246721280 0.004913875766 0.004728187932 0.004496209836 0.004340104405 0.004264048166 0.002446761747 0.002394624439 0.002295200460 0.002175968471 0.002061337714 0.001619932251 0.001596183777 0.001603563459 0.001620095151 0.001616911179 0.001514632150 0.001467890472 0.001425874482 0.001395422286 0.001379063139 0.001409637095 0.001403068821 0.001400374287 0.001400927166 0.001402395077 0.006178462650 0.006279039652 0.006525165646 0.006922888425 0.007375007323 0.013844417057 0.014165759520 0.014220204448 0.014138766522 0.014016801023 0.011781314582 0.011669444539 0.011558661493 0.011449113868 0.011340798589 0.009668204473 0.009577024483 0.009486866777 0.009397728712 0.009309597480 0.012470581428
0.004201087056 0.004187339898 0.003632327507 0.003691405544 0.003746435526 0.003758787454 0.003765012915 0.004402237664 0.004317072753 0.004191924785 0.004093792948 0.004033255180 0.002302124851 0.002242113126 0.002150960187 0.002056606653 0.001971883508 0.001565431552 0.001556186761 0.001578478755 0.001613469369 0.001624845497 0.001529914753 0.001486520909 0.001449017582 0.001423985887 0.001411425803 0.001443677505 0.001433890344 0.001424326460 0.001415268371 0.001405971567 0.006139150648 0.006163510742 0.006304548282 0.006598150535 0.006998450037 0.013239740866 0.013738945727 0.013967616618 0.013988655241 0.013905181270 0.011695050567 0.011585065388 0.011475930412 0.011367957288 0.011261192788 0.009601006866 0.009511121920 0.009422219588 0.009334317990 0.009247384824 0.012388040151
0.004126628148 0.004079043953 0.003483395794 0.003481581563 0.003475073763 0.003449699024 0.003432453476 0.004028382749 0.003992133409 0.003937338039 0.003880574814 0.003828948704 0.002177654377 0.002117554864 0.002036457089 0.001957577093 0.001889811438 0.001509397404 0.001507478808 0.001535386769 0.001578276143 0.001601413816 0.001519591727 0.001486256963 0.001454818627 0.001432361040 0.001419192594 0.001449765759 0.001437175059 0.001424221332 0.001411375302 0.001398517971 0.006086439788 0.006067899155 0.006126233378 0.006308339641 0.006617051281 0.012530478973 0.013166734641 0.013600337200 0.013784950571 0.013779097585 0.011608064601 0.011501001088 0.011393462399 0.011287062052 0.011181846730 0.009534021334 0.009445622332 0.009358573536 0.009272555101 0.009186983324 0.012307216868
0.004147081919 0.004058760761 0.003419318949 0.003381268557 0.003349258292 0.003311470312 0.003280966563 0.003851233778 0.003834871914 0.003817713672 0.003781612061 0.003726507842 0.002109650476 0.002047275629 0.001970150357 0.001894949198 0.001829467001 0.001460684413 0.001455871931 0.001477777813 0.001515637963 0.001545054970 0.001480789861 0.001465300284 0.001444204915 0.001425171492 0.001410894438 0.001439986615 0.001427401441 0.001415763521 0.001404946206 0.001393488387 0.006062987449 0.006021330508 0.006017241737 0.006092888939 0.006286721735 0.011826072141 0.012525198821 0.013147635370 0.013530248281 0.013635955290 0.011519889325 0.011417253657 0.011311296611 0.011206478735 0.011102750938 0.009467472772 0.009381426801 0.009297893351 0.009215241701 0.009131214649 0.012230583710
0.003219064917 0.003115122274 0.002805332722 0.002759449484 0.002726171718 0.002690001308 0.002660855143 0.001914523407 0.001913153770 0.001912472388 0.001893907177 0.001854736573 0.003289948332 0.003178299598 0.003056257177 0.002937731749 0.002830544070 0.001592949907 0.001579492446 0.001590218993 0.001615137768 0.001643376699 0.002581621968 0.002587383641 0.002573512755 0.002550546021 0.002526310973 0.002098914991 0.002083065144 0.002071055845 0.002062076131 0.002050119851 0.002144881137 0.002126558415 0.002110664636 0.002107546606 0.002137395989 0.004145405972 0.004399460733 0.004675803107 0.004882198098 0.004964375998 0.012153206721 0.012050741010 0.011939747870 0.011829928888 0.011721270457 0.003948955792 0.003914124536 0.003880725352 0.003847034979 0.003811581544 0.006108626032
0.003355912536 0.003222699891 0.002897041342 0.002850981440 0.002814819718 0.002770736823 0.002742293664 0.001979290365 0.001985395484 0.001983342796 0.001955356137 0.001900936117 0.003352242648 0.003228120906 0.003102429216 0.002979559040 0.002865448368 0.001607752976 0.001586143276 0.001583988179 0.001591718373 0.001608809317 0.002525970485 0.002544997055 0.002543410356 0.002527365156 0.002504456591 0.002081294386 0.002069003123 0.002063742231 0.002064071196 0.002058873500 0.002157747806 0.002138317621 0.002113683268 0.002089858009 0.002089229905 0.004002820241 0.004234851451 0.004529849884 0.004780930850 0.004901995345 0.012050096475 0.011961083883 0.011853059182 0.011744879290 0.011637823669 0.003921597179 0.003888105117 0.003855723918 0.003821890799 -9999 -9999
0.003458653683 0.003313555416 0.002987561649 0.002948405681 0.002907497770 0.002855101616 0.002836028078 0.002064762409 0.002092328732 0.002098995816 0.002070258424 0.002007422021 0.003532586333 0.003389081690 0.003241852392 0.003095977626 0.002964112020 0.001657438742 0.001629334610 0.001617271233 0.001610369291 0.001611934226 0.002512423458 0.002523240133 0.002520089454 0.002505005865 0.002482762050 0.002063561211 0.002052783972 0.002050312851 0.002055429568 0.002055181124 0.002158622794 0.002140452851 0.002112171153 0.002077365056 0.002058936203 0.003906627973 0.004105599465 0.004391086910 0.004661958529 0.004818509352 0.011916333684 0.011862610744 0.011765451737 0.011660191676 0.011554674309 0.003894357288 0.003861705072 0.003829056278 0.003793752298 -9999 -9999
0.003526544623 0.003402831051 0.003079150911 0.003034964398 0.002977170770 0.002916965160 0.002913210660 0.002147685696 0.002211690288 0.002249348463 0.002243259422 0.002190215751 0.003863229651 0.003681836571 0.003473295805 0.003261166981 0.003080701403 0.001707744505 0.001671179488 0.001652642607 0.001638914013 0.001629793069 0.002521305560 0.002514843475 0.002502292820 0.002483925600 0.002461674098 0.002045915659 0.002034122710 0.002029705959 0.002034063960 0.002036400040 0.002144693001 0.002130454235 0.002103564408 0.002066579834 0.002040629361 0.003838948182 0.003987153406 0.004230255848 0.004493835093 0.004685145872 0.011702715507 0.011730866404 0.011669113463 0.011574517373 0.011472180390 0.003867385212 0.003835459664 0.003802544608 -9999 0.003731718713 0.005989872927
0.003658945517 0.003587135509 0.003250611637 0.003178855182 0.003086584227 0.003009817173 0.003006927279 0.002231199961 0.002326360417 0.002407703207 0.002443232957 0.002412813445 0.004258141856 0.004009673422 0.003706217918 0.003404244306 0.003163385248 0.001736311202 0.001691923047 0.001669630262 0.001653521477 0.001639234879 0.002526146128 0.002510148080 0.002493451024 0.002473237773 0.002449357350 0.002032484871 0.002015260263 0.002003633300 0.002002142086 0.002004670948 0.002117437713 0.002109506682 0.002089390824 0.002059656548 0.002036856398 0.003804969194 0.003886407980 0.004052605059 0.004273629290 0.004484326933 0.011350477388 0.011518207061 0.011540036541 0.011480282856 0.011389191061 0.003840813586 0.003810126204 0.003778341891 -9999 0.003713528057 0.005970393696
0.003890490470 0.003888876037 0.005192923345 0.005032303214 0.004841725824 0.004700297550 0.004671574956 0.008345054895 0.008667573784 0.008994077051 0.009169633695 0.009072318515 0.009726689661 0.009018403003 0.008190969369 0.007430385505 0.006873611492 0.004781185984 0.004668570462 0.004612787611 0.004571313743 0.004529529521 0.005948420258 0.005909263301 0.005874101717 0.005823348864 0.005751552670 0.007500560263 0.007391438889 0.007305512565 0.007268065974 0.007264902293 0.004126454740 0.004120997997 0.004103902692 0.004081124624 0.004064751257 0.004810326180 0.004824714586 0.004908407854 0.005084801791 0.005324140097 0.007055935552 0.007273220869 0.007380786453 0.007396198642 0.007359554614 0.000985256556 0.000977642822 0.000969711302 -9999 0.000955121151 -9999
0.004273485125 0.004324447673 0.005777204787 0.005569076874 0.005334819548 0.005165283153 0.005094347173 0.008964712988 0.009108356366 0.009254697362 0.009265583887 0.009036471584 0.009550750636 0.008762130858 0.007946572606 0.007291660120 0.006877840713 0.004873535622 0.004814551728 0.004778624267 0.004738132145 0.004690867295 0.006159974751 0.006126839892 0.006101782659 0.006044301939 0.005940509700 0.007675566947 0.007484378153 0.007326690384 0.007236599433 0.007199744829 0.004076403670 0.004068052869 0.004064651250 0.004078348984 0.004103626127 0.004869492708 0.004827321666 0.004794836741 0.004845310080 0.005002540492 0.006641057022 0.006935328024 0.007154713649 0.007263882632 0.007283459268 0.000978173194 0.000971411936 -9999 -9999 -9999 -9999
0.004614715304 0.004666411407 0.006215317004 0.005972681831 0.005720872001 0.005551904372 0.005465505544 0.009488601603 0.009356550808 0.009150545601 0.008835831024 0.008409532131 0.008786704056 0.008093341216 0.007491072411 0.007119890321 0.006986431239 0.005111255695 0.005140833514 0.005133881602 0.005089867337 0.005029007543 0.006592277484 0.006549954111 0.006518806640 0.006443073012 0.006298896139 0.008062175230 0.007769452024 0.007518248993 0.007354039585 0.007259526418 0.004078366435 0.004044240614 0.004025861356 0.004047161883 0.004097239596 0.004890488604 0.004838576640 0.004737727633 0.004679701534 0.004727885508 0.006211612519 0.006509480864 0.006809850774 0.007029108455 0.007145443486 0.000967347004 0.000963946434 -9999 -9999 0.000945325400 -9999
0.004771103421 0.004786910469 0.006327970887 0.006043881931 0.005778039154 0.005622597586 0.005542445614 0.009518347729 0.009116047215 0.008575430900 0.008005941477 0.007499347241 0.007875351924 0.007438672463 0.007167092339 0.007137597486 0.007297645255 0.005486303919 0.005584979514 0.005589892646 0.005531089073 0.005449320323 0.007121423901 0.007054451032 0.007002198343 0.006908577399 0.006743761152 0.008606982844 0.008248194388 0.007921952430 0.007687958797 0.007533650036 0.004194852703 0.004113127794 0.004037756451 0.004008380240 0.004028230674 0.004807090593 0.004768019729 0.004658075611 0.004549722365 0.004515819439 0.005837973288 0.006071510817 0.006378723554 0.006666788192 0.006882139024 0.000943723939 -9999 -9999 0.000944177326 0.000939421068 -9999
0.004700172683 0.004706366122 0.006193116815 0.005884938763 0.005616544085 0.005468143003 0.005375658953 0.009102716638 0.008501629297 0.007788889674 0.007166195766 0.006741681816 0.007250994988 0.007115839571 0.007163581781 0.007411991627 0.007765818830 0.005896070454 0.006004029687 0.005991633866 0.005910386231 0.005807669563 0.007565534821 0.007466019021 0.007384216247 0.007281046696 0.007128359654 0.009147856034 0.008805082584 0.008473068027 0.008215085267 0.008024051170 0.004436453800 0.004295953862 0.004136380932 0.004012923681 0.003950698477 0.004664737500 0.004625502332 0.004539731721 0.004436256835 0.004368584095 0.005565584905 0.005707031496 0.005958391467 0.006252980309 0.006518588373 -9999 -9999 -9999 -9999 -9999 -9999
0.004890973388 0.004948182668 0.005473734241 0.005232499459 0.005011188261 0.004854610335 0.004700445233 0.007330443365 0.006718635797 0.006117367662 0.005694553978 0.005494009337 0.005133108373 0.005224470105 0.005422340516 0.005699918255 0.005973146851 0.004110493688 0.004142089062 0.004106041822 0.004037752733 0.003961770235 0.004722793116 0.004652575617 0.004595233575 0.004537632204 0.004467371120 0.011003333778 0.010709921007 0.010405982439 0.010147933026 0.009934084523 0.003783008992 0.003645791180 0.003466962993 0.003285720813 0.003138519990 0.001638041868 0.001610674933 0.001588886579 0.001563011214 0.001541374544 0.002578172726 0.002611693751 0.002697877227 0.002819768284 0.002939087761 -9999 -9999 -9999 -9999 -9999 -9999
0.004480120651 0.004603637644 0.005201370352 0.005078070130 0.004919886603 0.004725769886 0.004467973430 0.006800859649 0.006199795704 0.005735526801 0.005516287470 0.005514641355 0.005322443176 0.005531113888 0.005780133512 0.006025057014 0.006205768688 0.004195611759 0.004179941476 0.004124672406 0.004051879916 0.003974874637 0.004737051447 0.004666352397 0.004609535771 0.004556972967 0.004502171960 0.011160524036 0.010953269982 0.010724607125 0.010518525926 0.010350030204 0.003965761961 0.003847718156 0.003658081282 -9999 -9999 -9999 -9999 0.001556867021 0.001539869875 0.001523521077 0.002543133345 0.002561902746 0.002631228096 0.002739391025 0.002834914899 0.000854060168 0.000831735158 -9999 -9999 -9999 -9999
